n avg model
10000 31.698800000000 30.366708706205
20000 35.038500000000 31.667019635984
30000 34.285600000000 32.410172334209
40000 34.203550000000 32.930122269595
50000 34.206160000000 33.329410503938
60000 34.160033333333 33.653126761420
70000 34.217028571429 33.925095151648
80000 34.317400000000 34.159429159279
90000 34.386155555556 34.365175153147
100000 34.443700000000 34.548476794279
110000 34.605072727273 34.713695586830
120000 34.651566666667 34.864038533354
130000 34.997030769231 35.001931989512
140000 35.059828571429 35.129255625779
150000 35.171946666667 35.247494917309
160000 35.275650000000 35.357843976245
170000 35.360035294118 35.461276935714
180000 35.456522222222 35.558598755391
190000 35.521484210526 35.650482175296
200000 35.636450000000 35.737495112673
210000 35.695761904762 35.820121320095
220000 35.724581818182 35.898776199245
230000 35.779852173913 35.973819071557
240000 35.828625000000 36.045562816790
250000 35.886344000000 36.114281528678
260000 35.980361538462 36.180216657463
270000 36.046488888889 36.243581984260
280000 36.127185714286 36.304567683880
290000 36.179875862069 36.363343669291
300000 36.222500000000 36.420062364817
310000 36.245974193548 36.474861021207
320000 36.291025000000 36.527863660394
330000 36.339933333333 36.579182718782
340000 36.366541176471 36.628920443392
350000 36.383491428571 36.677170084137
360000 36.412888888889 36.724016916896
370000 36.484194594595 36.769539125393
380000 36.525368421053 36.813808564602
390000 36.559974358974 36.856891424280
400000 36.589920000000 36.898848807866
410000 36.604868292683 36.939737239394
420000 36.627580952381 36.979609108871
430000 36.636055813953 37.018513064875
440000 36.665163636364 37.056494361689
450000 36.716808888889 37.093595167154
460000 36.756156521739 37.129854836433
470000 36.787680851064 37.165310156126
480000 36.810883333333 37.199995562508
490000 36.898632653061 37.233943337092
500000 36.923976000000 37.267183782307
510000 36.951670588235 37.299745379645
520000 37.126423076923 37.331654932349
530000 37.146996226415 37.362937694414
540000 37.173500000000 37.393617487440
550000 37.197723636364 37.423716806692
560000 37.213178571429 37.453256917533
570000 37.233789473684 37.482257943264
580000 37.265758620690 37.510738945268
590000 37.281257627119 37.538717996261
600000 37.308113333333 37.566212247336
610000 37.322780327869 37.593237989431
620000 37.346412903226 37.619810709765
630000 37.357374603175 37.645945143722
640000 37.387075000000 37.671655322627
650000 37.551196923077 37.696954617784
660000 37.563639393939 37.721855781140
670000 37.579092537313 37.746370982857
680000 37.669152941176 37.770511846091
690000 37.689440579710 37.794289479209
700000 37.703708571429 37.817714505676
710000 37.723873239437 37.840797091801
720000 37.736530555556 37.863546972539
730000 37.756758904110 37.885973475489
740000 37.784932432432 37.908085543258
750000 37.803541333333 37.929891754311
760000 37.822597368421 37.951400342423
770000 37.832228571429 37.972619214866
780000 37.841953846154 37.993555969396
790000 37.850387341772 38.014217910167
800000 37.862775000000 38.034612062629
810000 37.880503703704 38.054745187489
820000 37.894795121951 38.074623793825
830000 37.918496385542 38.094254151384
840000 37.923578571429 38.113642302147
850000 37.942882352941 38.132794071201
860000 37.954355813953 38.151715076978
870000 38.062140229885 38.170410740884
880000 38.080463636364 38.188886296393
890000 38.102334831461 38.207146797602
900000 38.113282222222 38.225197127326
910000 38.120305494505 38.243042004728
920000 38.128802173913 38.260685992531
930000 38.139492473118 38.278133503848
940000 38.153208510638 38.295388808631
950000 38.160484210526 38.312456039781
960000 38.174785416667 38.329339198942
970000 38.191670103093 38.346042161984
980000 38.196977551020 38.362568684208
990000 38.203258585859 38.378922405281
1000000 38.215926000000 38.395106853928
1010000 38.227275247525 38.411125452383
1020000 38.238256862745 38.426981520618
1030000 38.257207766990 38.442678280371
1040000 38.268040384615 38.458218858974
1050000 38.280520000000 38.473606292996
1060000 38.293003773585 38.488843531714
1070000 38.307375700935 38.503933440416
1080000 38.315505555556 38.518878803558
1090000 38.839587155963 38.533682327764
1100000 38.841741818182 38.548346644696
1110000 38.850762162162 38.562874313787
1120000 38.860273214286 38.577267824858
1130000 38.865150442478 38.591529600611
1140000 38.870680701754 38.605661999016
1150000 38.873606956522 38.619667315587
1160000 38.881527586207 38.633547785570
1170000 38.886211965812 38.647305586023
1180000 38.889145762712 38.660942837817
1190000 38.897018487395 38.674461607547
1200000 38.901191666667 38.687863909366
1210000 38.903712396694 38.701151706738
1220000 38.910214754098 38.714326914118
1230000 38.922154471545 38.727391398575
1240000 38.928120967742 38.740346981327
1250000 38.931670400000 38.753195439239
1260000 38.936412698413 38.765938506236
1270000 38.945064566929 38.778577874683
1280000 38.949692187500 38.791115196692
1290000 38.957217054264 38.803552085389
1300000 38.969507692308 38.815890116128
1310000 38.977383206107 38.828130827657
1320000 38.985913636364 38.840275723241
1330000 38.992174436090 38.852326271742
1340000 39.000295522388 38.864283908662
1350000 39.005844444444 38.876150037135
1360000 39.009279411765 38.887926028900
1370000 39.015889051095 38.899613225221
1380000 39.023943478261 38.911212937785
1390000 39.029545323741 38.922726449562
1400000 39.039935714286 38.934155015635
1410000 39.046507801418 38.945499864001
1420000 39.050842253521 38.956762196344
1430000 39.059497902098 38.967943188775
1440000 39.067955555556 38.979043992558
1450000 39.078102068966 38.990065734797
1460000 39.081638356164 39.001009519110
1470000 39.090478911565 39.011876426271
1480000 39.104537837838 39.022667514841
1490000 39.112114093960 39.033383821765
1500000 39.122974666667 39.044026362957
1510000 39.132739072848 39.054596133868
1520000 39.141626315789 39.065094110022
1530000 39.147661437908 39.075521247550
1540000 39.156779220779 39.085878483700
1550000 39.166276129032 39.096166737322
1560000 39.171721794872 39.106386909353
1570000 39.176064968153 39.116539883278
1580000 39.181386075949 39.126626525570
1590000 39.191550943396 39.136647686131
1600000 39.197592500000 39.146604198707
1610000 39.209288198758 39.156496881293
1620000 39.216285185185 39.166326536530
1630000 39.222328834356 39.176093952081
1640000 39.231402439024 39.185799901005
1650000 39.235712727273 39.195445142114
1660000 39.241430120482 39.205030420316
1670000 39.250506586826 39.214556466959
1680000 39.262608333333 39.224024000151
1690000 39.275271005917 39.233433725080
1700000 39.279654117647 39.242786334321
1710000 39.284632748538 39.252082508133
1720000 39.288731395349 39.261322914751
1730000 39.298031213873 39.270508210666
1740000 39.302542528736 39.279639040895
1750000 39.312785142857 39.288716039251
1760000 39.316737500000 39.297739828599
1770000 39.320971751412 39.306711021103
1780000 39.328719101124 39.315630218473
1790000 39.337698324022 39.324498012199
1800000 39.347998888889 39.333314983781
1810000 39.351348066298 39.342081704954
1820000 39.357157142857 39.350798737901
1830000 39.364497267760 39.359466635467
1840000 39.372209782609 39.368085941365
1850000 39.380704864865 39.376657190373
1860000 39.388690322581 39.385180908530
1870000 39.395731550802 39.393657613322
1880000 39.398706382979 39.402087813871
1890000 39.405742857143 39.410472011111
1900000 39.411117894737 39.418810697960
1910000 39.416641884817 39.427104359495
1920000 39.421459375000 39.435353473111
1930000 39.426667357513 39.443558508689
1940000 39.434481443299 39.451719928745
1950000 39.441813333333 39.459838188589
1960000 39.447657142857 39.467913736468
1970000 39.450768527919 39.475947013717
1980000 39.461207070707 39.483938454895
1990000 39.463367839196 39.491888487925
2000000 39.467293000000 39.499797534229
2010000 39.476350248756 39.507666008855
2020000 39.479254455446 39.515494320609
2030000 39.483669950739 39.523282872178
2040000 39.492046078431 39.531032060247
2050000 39.496890731707 39.538742275626
2060000 39.503404854369 39.546413903355
2070000 39.508204830918 39.554047322826
2080000 39.514006730769 39.561642907886
2090000 39.519036363636 39.569201026947
2100000 39.523627619048 39.576722043093
2110000 39.530218957346 39.584206314176
2120000 39.536425471698 39.591654192920
2130000 39.543177464789 39.599066027020
2140000 39.543853271028 39.606442159232
2150000 39.552798139535 39.613782927470
2160000 39.557141666667 39.621088664892
2170000 39.562001843318 39.628359699994
2180000 39.573968807339 39.635596356694
2190000 39.579290410959 39.642798954415
2200000 39.582680909091 39.649967808171
2210000 39.584468778281 39.657103228642
2220000 39.590281981982 39.664205522260
2230000 39.597052914798 39.671274991281
2240000 39.599516071429 39.678311933862
2250000 39.602291555556 39.685316644134
2260000 39.606917699115 39.692289412274
2270000 39.613589427313 39.699230524577
2280000 39.618219298246 39.706140263522
2290000 39.628556331878 39.713018907843
2300000 39.634227826087 39.719866732591
2310000 39.639206926407 39.726684009199
2320000 39.643950000000 39.733471005550
2330000 39.652114163090 39.740227986031
2340000 39.655573504274 39.746955211598
2350000 39.673590638298 39.753652939835
2360000 39.673392372881 39.760321425009
2370000 39.677376371308 39.766960918130
2380000 39.680315126050 39.773571667004
2390000 39.684971548117 39.780153916287
2400000 39.694602500000 39.786707907539
2410000 39.699137759336 39.793233879278
2420000 39.707853719008 39.799732067024
2430000 39.715444444444 39.806202703357
2440000 39.721567213115 39.812646017961
2450000 39.727655510204 39.819062237672
2460000 39.730563414634 39.825451586526
2470000 39.736043724696 39.831814285805
2480000 39.744477419355 39.838150554078
2490000 39.749097188755 39.844460607253
2500000 39.753733600000 39.850744658612
2510000 39.757157768924 39.857002918856
2520000 39.763488888889 39.863235596150
2530000 39.766139920949 39.869442896156
2540000 39.768867716535 39.875625022081
2550000 39.777619607843 39.881782174709
2560000 39.782742187500 39.887914552444
2570000 39.789232684825 39.894022351346
2580000 39.790792248062 39.900105765165
2590000 39.800631660232 39.906164985382
2600000 39.802063076923 39.912200201239
2610000 39.809721072797 39.918211599779
2620000 39.814087786260 39.924199365876
2630000 39.819241064639 39.930163682268
2640000 39.824376515152 39.936104729594
2650000 39.828763773585 39.942022686420
2660000 39.832996240602 39.947917729276
2670000 39.839469662921 39.953790032683
2680000 39.844641791045 39.959639769186
2690000 39.851556133829 39.965467109382
2700000 39.856362222222 39.971272221948
2710000 39.860850184502 39.977055273673
2720000 39.866318382353 39.982816429484
2730000 39.869081318681 39.988555852472
2740000 39.874127007299 39.994273703922
2750000 39.880405818182 39.999970143339
2760000 39.885563768116 40.005645328472
2770000 39.892970397112 40.011299415341
2780000 39.922999280576 40.016932558263
2790000 39.929381362007 40.022544909876
2800000 39.933736428571 40.028136621161
2810000 39.941150889680 40.033707841469
2820000 39.945824113475 40.039258718543
2830000 39.950245229682 40.044789398541
2840000 39.954840140845 40.050300026059
2850000 39.959942456140 40.055790744151
2860000 39.964411888112 40.061261694356
2870000 39.971566550523 40.066713016711
2880000 39.977747222222 40.072144849780
2890000 39.980136332180 40.077557330672
2900000 39.984562068966 40.082950595058
2910000 39.988617869416 40.088324777195
2920000 39.993991095890 40.093680009946
2930000 39.999966552901 40.099016424794
2940000 40.003469387755 40.104334151867
2950000 40.009003389831 40.109633319952
2960000 40.013856081081 40.114914056518
2970000 40.021002020202 40.120176487728
2980000 40.023995302013 40.125420738461
2990000 40.028400000000 40.130646932328
3000000 40.030306000000 40.135855191691
3010000 40.034724252492 40.141045637676
3020000 40.038545033113 40.146218390192
3030000 40.044586798680 40.151373567946
3040000 40.048376973684 40.156511288462
3050000 40.051173114754 40.161631668091
3060000 40.056235947712 40.166734822033
3070000 40.061254723127 40.171820864348
3080000 40.065922077922 40.176889907971
3090000 40.071631715210 40.181942064727
3100000 40.072666451613 40.186977445349
3110000 40.077726688103 40.191996159487
3120000 40.080774358974 40.196998315725
3130000 40.084545047923 40.201984021594
3140000 40.085129936306 40.206953383584
3150000 40.090930793651 40.211906507162
3160000 40.093851265823 40.216843496780
3170000 40.121088958991 40.221764455889
3180000 40.124316352201 40.226669486954
3190000 40.129270219436 40.231558691466
3200000 40.133574375000 40.236432169952
3210000 40.137218691589 40.241290021988
3220000 40.141601242236 40.246132346213
3230000 40.148047058824 40.250959240337
3240000 40.153153703704 40.255770801158
3250000 40.158508307692 40.260567124567
3260000 40.163007975460 40.265348305563
3270000 40.166201834862 40.270114438264
3280000 40.172997560976 40.274865615917
3290000 40.177578115502 40.279601930908
3300000 40.181060606061 40.284323474775
3310000 40.183732326284 40.289030338215
3320000 40.188233734940 40.293722611096
3330000 40.191796996997 40.298400382469
3340000 40.195856886228 40.303063740573
3350000 40.201700298507 40.307712772850
3360000 40.204418452381 40.312347565951
3370000 40.209486053412 40.316968205747
3380000 40.211113609467 40.321574777338
3390000 40.215325073746 40.326167365061
3400000 40.220936470588 40.330746052503
3410000 40.226499706745 40.335310922505
3420000 40.230774853801 40.339862057172
3430000 40.234465889213 40.344399537886
3440000 40.237600581395 40.348923445308
3450000 40.239776811594 40.353433859391
3460000 40.244808092486 40.357930859387
3470000 40.246590778098 40.362414523852
3480000 40.250165517241 40.366884930662
3490000 40.253696275072 40.371342157011
3500000 40.258940571429 40.375786279427
3510000 40.261752136752 40.380217373775
3520000 40.265646022727 40.384635515266
3530000 40.267774504249 40.389040778465
3540000 40.272389830508 40.393433237297
3550000 40.276099718310 40.397812965057
3560000 40.282222471910 40.402180034413
3570000 40.285535014006 40.406534517415
3580000 40.289215083799 40.410876485506
3590000 40.292402228412 40.415206009522
3600000 40.296902222222 40.419523159701
3610000 40.300468698061 40.423828005694
3620000 40.304118784530 40.428120616566
3630000 40.308377410468 40.432401060805
3640000 40.310910989011 40.436669406328
3650000 40.314990684932 40.440925720489
3660000 40.318089617486 40.445170070080
3670000 40.322973841962 40.449402521345
3680000 40.326782065217 40.453623139978
3690000 40.328547425474 40.457831991137
3700000 40.332572432432 40.462029139441
3710000 40.336736388140 40.466214648985
3720000 40.340699462366 40.470388583337
3730000 40.344653619303 40.474551005552
3740000 40.349573262032 40.478701978170
3750000 40.354673600000 40.482841563227
3760000 40.359281382979 40.486969822257
3770000 40.366596286472 40.491086816301
3780000 40.370058730159 40.495192605908
3790000 40.375950923483 40.499287251144
3800000 40.379587894737 40.503370811592
3810000 40.383716535433 40.507443346365
3820000 40.386789528796 40.511504914104
3830000 40.390045430809 40.515555572985
3840000 40.396288020833 40.519595380726
3850000 40.400762597403 40.523624394590
3860000 40.403597927461 40.527642671388
3870000 40.408265633075 40.531650267488
3880000 40.413268556701 40.535647238815
3890000 40.416933676093 40.539633640860
3900000 40.424052820513 40.543609528681
3910000 40.427306393862 40.547574956910
3920000 40.428979081633 40.551529979754
3930000 40.431350636132 40.555474651004
3940000 40.434356345178 40.559409024035
3950000 40.438457721519 40.563333151812
3960000 40.441772222222 40.567247086897
3970000 40.443433753149 40.571150881447
3980000 40.448125125628 40.575044587222
3990000 40.451277694236 40.578928255591
4000000 40.455672500000 40.582801937530
4010000 40.459773067332 40.586665683632
4020000 40.463576119403 40.590519544107
4030000 40.466498759305 40.594363568787
4040000 40.468058910891 40.598197807130
4050000 40.471428148148 40.602022308223
4060000 40.474633497537 40.605837120787
4070000 40.475994103194 40.609642293181
4080000 40.478969117647 40.613437873401
4090000 40.482501222494 40.617223909090
4100000 40.484106341463 40.621000447538
4110000 40.488613625304 40.624767535684
4120000 40.491382524272 40.628525220125
4130000 40.493664891041 40.632273547111
4140000 40.497319323671 40.636012562559
4150000 40.501709879518 40.639742312044
4160000 40.505983173077 40.643462840814
4170000 40.509991846523 40.647174193784
4180000 40.516042105263 40.650876415546
4190000 40.518184248210 40.654569550367
4200000 40.521685238095 40.658253642195
4210000 40.525747268409 40.661928734662
4220000 40.529877251185 40.665594871086
4230000 40.534461938534 40.669252094473
4240000 40.539069339623 40.672900447524
4250000 40.713768941176 40.676539972633
4260000 40.719446009390 40.680170711893
4270000 40.723617798595 40.683792707097
4280000 40.725866355140 40.687405999744
4290000 40.727990209790 40.691010631038
4300000 40.731230697674 40.694606641892
4310000 40.734558236659 40.698194072932
4320000 40.736254166667 40.701772964498
4330000 40.738965357968 40.705343356647
4340000 40.741256682028 40.708905289159
4350000 40.744674482759 40.712458801533
4360000 40.748703669725 40.716003932995
4370000 40.752007322654 40.719540722499
4380000 40.755552511416 40.723069208727
4390000 40.759493394077 40.726589430096
4400000 40.761956363636 40.730101424759
4410000 40.763947392290 40.733605230603
4420000 40.768275565611 40.737100885259
4430000 40.772195936795 40.740588426096
4440000 40.774638288288 40.744067890233
4450000 40.777392808989 40.747539314532
4460000 40.780681165919 40.751002735605
4470000 40.782174049217 40.754458189816
4480000 40.783958035714 40.757905713284
4490000 40.787024053452 40.761345341882
4500000 40.789598222222 40.764777111242
4510000 40.792120177384 40.768201056757
4520000 40.793622566372 40.771617213582
4530000 40.797508167770 40.775025616637
4540000 40.801992070485 40.778426300607
4550000 40.805667692308 40.781819299948
4560000 40.808825000000 40.785204648885
4570000 40.810147921225 40.788582381418
4580000 40.812537117904 40.791952531321
4590000 40.816011764706 40.795315132142
4600000 40.818631739130 40.798670217213
4610000 40.821304555315 40.802017819643
4620000 40.825153246753 40.805357972324
4630000 40.826477321814 40.808690707934
4640000 40.828513362069 40.812016058936
4650000 40.830556559140 40.815334057582
4660000 40.833683261803 40.818644735914
4670000 40.835933618844 40.821948125766
4680000 40.840270940171 40.825244258766
4690000 40.842639232409 40.828533166336
4700000 40.845056595745 40.831814879696
4710000 40.848629723992 40.835089429867
4720000 40.852379237288 40.838356847667
4730000 40.853039323467 40.841617163719
4740000 40.857205907173 40.844870408450
4750000 40.860351157895 40.848116612092
4760000 40.861803361345 40.851355804683
4770000 40.864753039832 40.854588016074
4780000 40.866375313808 40.857813275922
4790000 40.868972025052 40.861031613699
4800000 40.871204583333 40.864243058690
4810000 40.875167567568 40.867447639996
4820000 40.878436929461 40.870645386534
4830000 40.881043478261 40.873836327040
4840000 40.883526859504 40.877020490069
4850000 40.885354639175 40.880197904000
4860000 40.887346913580 40.883368597031
4870000 40.904351129363 40.886532597189
4880000 40.906555327869 40.889689932322
4890000 40.908453987730 40.892840630109
4900000 40.911559183673 40.895984718055
4910000 40.913758452138 40.899122223499
4920000 40.915472357724 40.902253173607
4930000 40.917477890467 40.905377595380
4940000 40.919566801619 40.908495515653
4950000 40.921759191919 40.911606961098
4960000 40.925558064516 40.914711958222
4970000 40.928604426559 40.917810533370
4980000 40.934704016064 40.920902712728
4990000 40.936943086172 40.923988522323
5000000 40.939691600000 40.927067988023
5010000 40.939881037924 40.930141135540
5020000 40.943892430279 40.933207990431
5030000 40.945491848907 40.936268578097
5040000 40.949018650794 40.939322923789
5050000 40.950894653465 40.942371052605
5060000 40.952558498024 40.945412989493
5070000 40.956296646943 40.948448759250
5080000 40.959268503937 40.951478386527
5090000 40.962516306483 40.954501895829
5100000 40.964981176471 40.957519311511
5110000 40.968021526419 40.960530657789
5120000 40.970375390625 40.963535958732
5130000 40.972529824561 40.966535238267
5140000 40.975081322957 40.969528520181
5150000 40.978563495146 40.972515828120
5160000 40.980710465116 40.975497185592
5170000 40.983278143133 40.978472615966
5180000 40.985508108108 40.981442142475
5190000 40.987320616570 40.984405788216
5200000 40.988746923077 40.987363576152
5210000 40.990602303263 40.990315529110
5220000 40.994669348659 40.993261669788
5230000 40.997942256214 40.996202020750
5240000 41.003044274809 40.999136604428
5250000 41.005236952381 41.002065443129
5260000 41.007414068441 41.004988559028
5270000 41.009514611006 41.007905974172
5280000 41.012279166667 41.010817710483
5290000 41.014733081285 41.013723789758
5300000 41.018244528302 41.016624233667
5310000 41.020442561205 41.019519063758
5320000 41.023627443609 41.022408301456
5330000 41.026619512195 41.025291968063
5340000 41.028047940075 41.028170084761
5350000 41.032489719626 41.031042672611
5360000 41.034242910448 41.033909752557
5370000 41.037012290503 41.036771345423
5380000 41.039112639405 41.039627471915
5390000 41.041420408163 41.042478152624
5400000 41.043272222222 41.045323408026
5410000 41.045875046211 41.048163258479
5420000 41.049342066421 41.050997724231
5430000 41.051795580111 41.053826825415
5440000 41.054402941176 41.056650582051
5450000 41.056002201835 41.059469014048
5460000 41.060211355311 41.062282141207
5470000 41.062516636197 41.065089983217
5480000 41.064348540146 41.067892559656
5490000 41.067269216758 41.070689889999
5500000 41.069025454545 41.073481993609
5510000 41.070678765880 41.076268889745
5520000 41.072517753623 41.079050597559
5530000 41.075414104882 41.081827136099
5540000 41.079286642599 41.084598524308
5550000 41.178250450450 41.087364781026
5560000 41.181088489209 41.090125924989
5570000 41.185118850987 41.092881974833
5580000 41.187541577061 41.095632949092
5590000 41.190262969589 41.098378866199
5600000 41.192537857143 41.101119744486
5610000 41.196561140820 41.103855602190
5620000 41.199764768683 41.106586457444
5630000 41.201860390764 41.109312328289
5640000 41.203051063830 41.112033232665
5650000 41.205076814159 41.114749188416
5660000 41.207240989399 41.117460213294
5670000 41.221045502646 41.120166324952
5680000 41.223787323944 41.122867540950
5690000 41.225151142355 41.125563878755
5700000 41.227388421053 41.128255355742
5710000 41.228853590193 41.130941989191
5720000 41.232618181818 41.133623796294
5730000 41.233894589878 41.136300794147
5740000 41.236209059233 41.138972999762
5750000 41.236418434783 41.141640430056
5760000 41.237828472222 41.144303101859
5770000 41.240447487002 41.146961031913
5780000 41.243428373702 41.149614236872
5790000 41.246080138169 41.152262733303
5800000 41.247565862069 41.154906537685
5810000 41.248677796902 41.157545666411
5820000 41.250000687285 41.160180135792
5830000 41.252862092624 41.162809962050
5840000 41.254663013699 41.165435161325
5850000 41.258174017094 41.168055749673
5860000 41.260360750853 41.170671743067
5870000 41.262559795571 41.173283157396
5880000 41.262179251701 41.175890008470
5890000 41.265906960951 41.178492312015
5900000 41.267721355932 41.181090083678
5910000 41.270485279188 41.183683339024
5920000 41.273100337838 41.186272093539
5930000 41.276562900506 41.188856362632
5940000 41.278165656566 41.191436161629
5950000 41.280776806723 41.194011505782
5960000 41.282515771812 41.196582410263
5970000 41.285229145729 41.199148890168
5980000 41.285951505017 41.201710960515
5990000 41.287342570952 41.204268636249
6000000 41.290296333333 41.206821932237
6010000 41.292912146423 41.209370863271
6020000 41.294648504983 41.211915444069
6030000 41.296762520730 41.214455689276
6040000 41.298741721854 41.216991613463
6050000 41.301744132231 41.219523231126
6060000 41.304231023102 41.222050556691
6070000 41.305990774300 41.224573604512
6080000 41.308775986842 41.227092388869
6090000 41.312606568145 41.229606923973
6100000 41.314653442623 41.232117223963
6110000 41.316295253682 41.234623302911
6120000 41.318779084967 41.237125174814
6130000 41.320540619902 41.239622853605
6140000 41.324651791531 41.242116353144
6150000 41.327536260163 41.244605687226
6160000 41.328512662338 41.247090869576
6170000 41.329863209076 41.249571913853
6180000 41.331306796117 41.252048833647
6190000 41.332965105008 41.254521642484
6200000 41.334922258065 41.256990353822
6210000 41.335833816425 41.259454981054
6220000 41.337099678457 41.261915537507
6230000 41.340842696629 41.264372036444
6240000 41.342595192308 41.266824491064
6250000 41.344217920000 41.269272914501
6260000 41.346911821086 41.271717319825
6270000 41.349494098884 41.274157720045
6280000 41.352807961783 41.276594128104
6290000 41.355142448331 41.279026556885
6300000 41.356854603175 41.281455019209
6310000 41.359768304279 41.283879527834
6320000 41.361076265823 41.286300095458
6330000 41.363750078989 41.288716734717
6340000 41.365537854890 41.291129458188
6350000 41.368761889764 41.293538278387
6360000 41.370703459119 41.295943207771
6370000 41.372345368917 41.298344258736
6380000 41.375366771160 41.300741443623
6390000 41.376045696401 41.303134774709
6400000 41.377710000000 41.305524264218
6410000 41.379945085803 41.307909924314
6420000 41.380670716511 41.310291767101
6430000 41.383136858476 41.312669804631
6440000 41.385658695652 41.315044048896
6450000 41.387862325581 41.317414511832
6460000 41.389106501548 41.319781205319
6470000 41.391245749614 41.322144141183
6480000 41.393879629630 41.324503331192
6490000 41.396520493066 41.326858787061
6500000 41.398525846154 41.329210520450
6510000 41.400317050691 41.331558542964
6520000 41.403362269939 41.333902866155
6530000 41.405518836141 41.336243501521
6540000 41.406979204893 41.338580460506
6550000 41.408307175573 41.340913754502
6560000 41.411213719512 41.343243394848
6570000 41.414228614916 41.345569392831
6580000 41.416471428571 41.347891759685
6590000 41.418028528073 41.350210506594
6600000 41.420733939394 41.352525644688
6610000 41.423243872920 41.354837185049
6620000 41.425841389728 41.357145138707
6630000 41.427387028658 41.359449516641
6640000 41.429298795181 41.361750329780
6650000 41.432503458647 41.364047589003
6660000 41.433441141141 41.366341305142
6670000 41.435137331334 41.368631488976
6680000 41.436089520958 41.370918151238
6690000 41.437063378176 41.373201302610
6700000 41.439649552239 41.375480953728
6710000 41.440253651267 41.377757115179
6720000 41.443175892857 41.380029797501
6730000 41.444491233284 41.382299011186
6740000 41.447790801187 41.384564766679
6750000 41.449202666667 41.386827074377
6760000 41.452803846154 41.389085944631
6770000 41.453161595273 41.391341387746
6780000 41.455376106195 41.393593413980
6790000 41.456592341679 41.395842033546
6800000 41.458210882353 41.398087256611
6810000 41.460148311307 41.400329093297
6820000 41.462768328446 41.402567553682
6830000 41.464478770132 41.404802647797
6840000 41.466400292398 41.407034385629
6850000 41.468114160584 41.409262777124
6860000 41.469531195335 41.411487832180
6870000 41.471609898108 41.413709560653
6880000 41.472855523256 41.415927972356
6890000 41.474392743106 41.418143077058
6900000 41.476085797101 41.420354884486
6910000 41.478641678726 41.422563404324
6920000 41.480641618497 41.424768646212
6930000 41.482526984127 41.426970619751
6940000 41.484809221902 41.429169334497
6950000 41.485893812950 41.431364799966
6960000 41.488875574713 41.433557025633
6970000 41.492463127690 41.435746020929
6980000 41.493146131805 41.437931795248
6990000 41.495442060086 41.440114357941
7000000 41.498721714286 41.442293718318
7010000 41.500477318117 41.444469885650
7020000 41.502224786325 41.446642869167
7030000 41.504416500711 41.448812678060
7040000 41.507324147727 41.450979321481
7050000 41.508676595745 41.453142808540
7060000 41.510440509915 41.455303148312
7070000 41.513215275813 41.457460349829
7080000 41.514862994350 41.459614422087
7090000 41.516776304654 41.461765374042
7100000 41.519474647887 41.463913214613
7110000 41.521239099859 41.466057952680
7120000 41.523116853933 41.468199597086
7130000 41.524578120617 41.470338156636
7140000 41.526342296919 41.472473640097
7150000 41.527178181818 41.474606056200
7160000 41.530083240223 41.476735413639
7170000 41.533566248257 41.478861721070
7180000 41.536642896936 41.480984987114
7190000 41.538099026426 41.483105220354
7200000 41.540917222222 41.485222429338
7210000 41.542914840499 41.487336622578
7220000 41.544485041551 41.489447808550
7230000 41.545036237898 41.491555995695
7240000 41.546810497238 41.493661192418
7250000 41.549278344828 41.495763407089
7260000 41.550984297521 41.497862648043
7270000 41.552127922971 41.499958923580
7280000 41.554677197802 41.502052241967
7290000 41.556707818930 41.504142611434
7300000 41.558622191781 41.506230040180
7310000 41.559880711354 41.508314536367
7320000 41.560368852459 41.510396108126
7330000 41.561277762619 41.512474763551
7340000 41.562553678474 41.514550510705
7350000 41.563492517007 41.516623357618
7360000 41.565827173913 41.518693312286
7370000 41.567839077341 41.520760382672
7380000 41.570631165312 41.522824576707
7390000 41.572390527740 41.524885902288
7400000 41.572896756757 41.526944367282
7410000 41.575983265857 41.528999979521
7420000 41.578420754717 41.531052746808
7430000 41.580208882907 41.533102676913
7440000 41.581894086022 41.535149777572
7450000 41.584249127517 41.537194056493
7460000 41.586528954424 41.539235521352
7470000 41.588602141901 41.541274179791
7480000 41.589858288770 41.543310039426
7490000 41.590996795728 41.545343107837
7500000 41.594266933333 41.547373392576
7510000 41.595370173103 41.549400901165
7520000 41.596523138298 41.551425641095
7530000 41.598358565737 41.553447619826
7540000 41.600284880637 41.555466844790
7550000 41.600700397351 41.557483323387
7560000 41.602703968254 41.559497062988
7570000 41.604635138705 41.561508070936
7580000 41.606948548813 41.563516354542
7590000 41.609547826087 41.565521921091
7600000 41.610723684211 41.567524777835
7610000 41.612597371879 41.569524932002
7620000 41.614719947507 41.571522390786
7630000 41.616745216252 41.573517161356
7640000 41.619147905759 41.575509250852
7650000 41.621937516340 41.577498666385
7660000 41.623789556136 41.579485415037
7670000 41.626074315515 41.581469503865
7680000 41.628111979167 41.583450939895
7690000 41.629532379714 41.585429730127
7700000 41.630748051948 41.587405881534
7710000 41.632075226978 41.589379401059
7720000 41.633531347150 41.591350295620
7730000 41.636186287193 41.593318572108
7740000 41.637799741602 41.595284237385
7750000 41.640416516129 41.597247298288
7760000 41.642386597938 41.599207761628
7770000 41.643792792793 41.601165634186
7780000 41.646213881748 41.603120922720
7790000 41.647415661104 41.605073633961
7800000 41.648071538462 41.607023774612
7810000 41.649859923175 41.608971351352
7820000 41.651197442455 41.610916370834
7830000 41.653766283525 41.612858839684
7840000 41.655605612245 41.614798764503
7850000 41.657126369427 41.616736151867
7860000 41.658164885496 41.618671008326
7870000 41.660431766201 41.620603340405
7880000 41.660646954315 41.622533154604
7890000 41.663126489227 41.624460457397
7900000 41.666152911392 41.626385255236
7910000 41.668493046776 41.628307554546
7920000 41.669119949495 41.630227361726
7930000 41.671736191677 41.632144683155
7940000 41.672635264484 41.634059525183
7950000 41.675502138365 41.635971894138
7960000 41.676646733668 41.637881796325
7970000 41.679198494354 41.639789238022
7980000 41.680416290727 41.641694225487
7990000 41.682481351690 41.643596764950
8000000 41.684099750000 41.645496862621
8010000 41.685992259675 41.647394524685
8020000 41.687767331671 41.649289757303
8030000 41.689657783313 41.651182566614
8040000 41.691325124378 41.653072958733
8050000 41.693433788820 41.654960939752
8060000 41.694871712159 41.656846515741
8070000 41.697313754647 41.658729692747
8080000 41.699970544554 41.660610476793
8090000 41.701615327565 41.662488873881
8100000 41.703031851852 41.664364889989
8110000 41.704988162762 41.666238531074
8120000 41.706069458128 41.668109803071
8130000 41.707797785978 41.669978711892
8140000 41.709621867322 41.671845263426
8150000 41.710890797546 41.673709463543
8160000 41.711999509804 41.675571318089
8170000 41.713116768666 41.677430832888
8180000 41.714656234719 41.679288013743
8190000 41.715672039072 41.681142866437
8200000 41.717687317073 41.682995396731
8210000 41.720226309379 41.684845610362
8220000 41.722442579075 41.686693513049
8230000 41.724074362090 41.688539110490
8240000 41.725208495146 41.690382408359
8250000 41.727228848485 41.692223412312
8260000 41.729241646489 41.694062127984
8270000 41.731304232164 41.695898560989
8280000 41.732379468599 41.697732716918
8290000 41.734691435464 41.699564601346
8300000 41.736205060241 41.701394219824
8310000 41.737372322503 41.703221577885
8320000 41.739062259615 41.705046681041
8330000 41.740558703481 41.706869534783
8340000 41.743068345324 41.708690144585
8350000 41.744173892216 41.710508515897
8360000 41.745629425837 41.712324654152
8370000 41.747730465950 41.714138564763
8380000 41.749889021480 41.715950253123
8390000 41.751930393325 41.717759724606
8400000 41.754175000000 41.719566984566
8410000 41.755094173603 41.721372038337
8420000 41.756434441805 41.723174891237
8430000 41.757250771056 41.724975548561
8440000 41.759401895735 41.726774015587
8450000 41.761399053254 41.728570297573
8460000 41.762898108747 41.730364399761
8470000 41.764072255018 41.732156327370
8480000 41.766075235849 41.733946085604
8490000 41.767883627797 41.735733679646
8500000 41.769200470588 41.737519114661
8510000 41.770447238543 41.739302395798
8520000 41.771684272300 41.741083528184
8530000 41.773287221571 41.742862516929
8540000 41.775429039813 41.744639367128
8550000 41.776900116959 41.746414083853
8560000 41.777967757009 41.748186672161
8570000 41.779409101517 41.749957137090
8580000 41.780821445221 41.751725483662
8590000 41.782947613504 41.753491716880
8600000 41.784563720930 41.755255841728
8610000 41.786850174216 41.757017863174
8620000 41.788709744780 41.758777786170
8630000 41.790509617613 41.760535615647
8640000 41.791318055556 41.762291356522
8650000 41.792722080925 41.764045013693
8660000 41.794130023095 41.765796592041
8670000 41.794908650519 41.767546096430
8680000 41.796943317972 41.769293531709
8690000 41.799363406214 41.771038902706
8700000 41.802367816092 41.772782214237
8710000 41.803814236510 41.774523471096
8720000 41.803831880734 41.776262678066
8730000 41.806020847652 41.777999839909
8740000 41.807832951945 41.779734961372
8750000 41.808644800000 41.781468047186
8760000 41.810153652968 41.783199102065
8770000 41.811845610034 41.784928130707
8780000 41.814133712984 41.786655137794
8790000 41.816854379977 41.788380127991
8800000 41.817717272727 41.790103105947
8810000 41.818685357548 41.791824076298
8820000 41.820494331066 41.793543043659
8830000 41.822262061155 41.795260012633
8840000 41.824543212670 41.796974987806
8850000 41.825879096045 41.798687973747
8860000 41.827620767494 41.800398975013
8870000 41.828650281849 41.802107996141
8880000 41.829512162162 41.803815041656
8890000 41.830916985377 41.805520116065
8900000 41.831940674157 41.807223223861
8910000 41.834202693603 41.808924369523
8920000 41.835576008969 41.810623557512
8930000 41.837248824188 41.812320792276
8940000 41.838863087248 41.814016078246
8950000 41.840737653631 41.815709419840
8960000 41.842541741071 41.817400821461
8970000 41.844798216276 41.819090287494
8980000 41.845694877506 41.820777822314
8990000 41.846416240267 41.822463430277
9000000 41.848460222222 41.824147115727
9010000 41.849815982242 41.825828882993
9020000 41.851358536585 41.827508736388
9030000 41.852853377630 41.829186680211
9040000 41.854425000000 41.830862718749
9050000 41.856190055249 41.832536856271
9060000 41.856889183223 41.834209097034
9070000 41.891648070562 41.835879445280
9080000 41.893444273128 41.837547905238
9090000 41.895023542354 41.839214481121
9100000 41.896095164835 41.840879177130
9110000 41.897970801317 41.842541997450
9120000 41.899598464912 41.844202946253
9130000 41.900860240964 41.845862027698
9140000 41.902542013129 41.847519245929
9150000 41.904499672131 41.849174605077
9160000 41.905693449782 41.850828109259
9170000 41.906659105780 41.852479762578
9180000 41.909026143791 41.854129569124
9190000 41.910865288357 41.855777532974
9200000 41.912271521739 41.857423658191
9210000 41.913858631922 41.859067948824
9220000 41.916093492408 41.860710408909
9230000 41.917928927411 41.862351042470
9240000 41.919198917749 41.863989853517
9250000 41.920286054054 41.865626846047
9260000 41.923014254860 41.867262024042
9270000 41.924472060410 41.868895391474
9280000 41.925703879310 41.870526952300
9290000 41.926727233585 41.872156710465
9300000 41.929246021505 41.873784669902
9310000 41.930056498389 41.875410834529
9320000 41.930913519313 41.877035208252
9330000 41.933084673098 41.878657794965
9340000 41.934898072805 41.880278598550
9350000 41.936440213904 41.881897622875
9360000 41.938037606838 41.883514871796
9370000 41.940199146211 41.885130349156
9380000 41.942484861407 41.886744058787
9390000 41.943280937167 41.888356004506
9400000 41.945498510638 41.889966190122
9410000 41.947008714134 41.891574619427
9420000 41.948859235669 41.893181296204
9430000 41.949901166490 41.894786224222
9440000 41.951305296610 41.896389407240
9450000 41.953081904762 41.897990849002
9460000 41.955252642706 41.899590553243
9470000 41.956227243928 41.901188523685
9480000 41.957558860759 41.902784764036
9490000 41.958833087460 41.904379277996
9500000 41.960297894737 41.905972069250
9510000 41.961404626709 41.907563141472
9520000 41.962526260504 41.909152498327
9530000 41.964728646380 41.910740143463
9540000 41.965566247379 41.912326080522
9550000 41.966899895288 41.913910313131
9560000 41.968388493724 41.915492844907
9570000 41.969938766980 41.917073679454
9580000 41.970844258873 41.918652820366
9590000 41.973121793535 41.920230271225
9600000 41.974300416667 41.921806035603
9610000 41.975976274714 41.923380117059
9620000 41.977204158004 41.924952519142
9630000 41.979183592939 41.926523245388
9640000 41.979836514523 41.928092299325
9650000 41.981115647668 41.929659684467
9660000 41.983027122153 41.931225404318
9670000 41.984384074457 41.932789462371
9680000 41.985917355372 41.934351862110
9690000 41.987854489164 41.935912607004
9700000 41.990199175258 41.937471700514
9710000 41.990817095778 41.939029146091
9720000 41.993254938272 41.940584947173
9730000 41.994438026721 41.942139107187
9740000 41.995240041068 41.943691629553
9750000 41.995638769231 41.945242517676
9760000 41.997819877049 41.946791774954
9770000 41.999330194473 41.948339404771
9780000 42.000777505112 41.949885410503
9790000 42.002321348315 41.951429795515
9800000 42.004228979592 41.952972563162
9810000 42.005924974516 41.954513716788
9820000 42.007499796334 41.956053259726
9830000 42.009058189217 41.957591195300
9840000 42.010851422764 41.959127526823
9850000 42.011565076142 41.960662257598
9860000 42.013278904665 41.962195390919
9870000 42.013287943262 41.963726930068
9880000 42.015606072874 41.965256878318
9890000 42.017191102123 41.966785238932
9900000 42.018957373737 41.968312015162
9910000 42.019867810293 41.969837210251
9920000 42.020192338710 41.971360827433
9930000 42.021454179255 41.972882869929
9940000 42.022687927565 41.974403340955
9950000 42.024443819095 41.975922243712
9960000 42.025780722892 41.977439581395
9970000 42.027306519559 41.978955357187
9980000 42.029083767535 41.980469574263
9990000 42.030772972973 41.981982235788
10000000 42.033912200000 41.983493344917
