n mean median p90 p99 p999 max
5000 31.69880000 14 67 264 926 2759
15000 38.37820000 17 71 269 606 54653
25000 32.77980000 17 71 260 653 1427
35000 33.95740000 17 74 284 618 1094
45000 34.21660000 18 77 255 677 1049
55000 33.92940000 18 78 260 583 1103
65000 34.55900000 18 77 277 618 1262
75000 35.02000000 18 79 263 662 998
85000 34.93620000 19 80 257 617 926
95000 34.96160000 19 78 268 620 1136
105000 36.21880000 19 83 269 701 2384
115000 35.16300000 19 80 269 627 1019
125000 39.14260000 19 85 291 669 28361
135000 35.87620000 19 80 284 701 1058
145000 36.74160000 19 83 270 762 2144
155000 36.83120000 19 85 281 743 1262
165000 36.71020000 19 83 284 668 1481
175000 37.09680000 19 86 281 767 6497
185000 36.69080000 19 85 274 617 1745
195000 37.82080000 19 86 309 674 1451
205000 36.88200000 19 82 281 599 1919
215000 36.32980000 19 84 281 614 1418
225000 36.99580000 19 86 284 600 1070
235000 36.95040000 19 86 278 758 1556
245000 37.27160000 19 86 285 596 1871
255000 38.33080000 19 86 291 842 8282
265000 37.76580000 19 86 302 620 2615
275000 38.30600000 19 86 293 824 7313
285000 37.65520000 19 86 291 674 1115
295000 37.45860000 20 86 287 641 1514
305000 36.95020000 19 86 268 681 1289
315000 37.68760000 20 87 302 617 980
325000 37.90500000 19 87 284 692 1070
335000 37.24460000 20 86 281 617 1409
345000 36.95980000 19 86 277 599 1049
355000 37.44180000 20 86 296 683 974
365000 39.05120000 20 86 281 569 16385
375000 38.04880000 20 89 291 695 1460
385000 37.87500000 19 89 278 617 1535
395000 37.75780000 20 89 284 662 1103
405000 37.20280000 20 86 277 674 1310
415000 37.55880000 20 88 281 575 1283
425000 36.99200000 20 86 263 599 977
435000 37.91680000 20 86 293 641 1838
445000 38.98920000 20 87 317 704 1397
455000 38.52680000 20 86 296 758 1401
465000 38.23780000 20 88 284 767 1094
475000 37.90140000 20 89 276 662 1031
485000 41.11060000 20 88 290 674 28250
495000 38.16580000 20 88 284 629 3578
505000 38.33640000 20 87 298 632 2837
515000 46.03880000 20 89 302 653 73025
525000 38.21680000 20 87 291 716 1346
535000 38.57820000 20 89 295 662 2102
545000 38.50580000 20 89 281 800 2066
555000 38.06320000 20 87 296 666 1439
565000 38.38800000 20 88 284 746 1499
575000 39.08800000 20 91 302 762 2969
585000 38.18020000 20 91 281 596 1607
595000 38.89260000 20 88 308 716 1187
605000 38.20280000 20 86 293 665 1412
615000 38.78800000 20 89 295 743 1514
625000 38.03700000 20 89 284 596 1004
635000 39.25820000 21 89 296 662 1352
645000 48.05500000 20 89 296 704 91379
655000 38.37240000 20 88 296 671 974
665000 38.59900000 20 88 281 710 2591
675000 43.70320000 20 91 284 636 51152
685000 39.06900000 20 89 302 696 1082
695000 38.68820000 20 89 302 692 1250
705000 39.13540000 20 92 303 647 1163
715000 38.63520000 21 88 284 653 1247
725000 39.21320000 20 89 296 707 2102
735000 39.84160000 20 92 309 722 1346
745000 39.18060000 20 89 293 737 998
755000 39.25180000 20 92 295 641 1544
765000 38.56420000 20 92 263 617 1646
775000 38.59080000 20 92 281 662 1187
785000 38.50820000 21 88 293 590 1121
795000 38.84140000 20 89 296 617 1244
805000 39.29880000 20 91 299 683 1676
815000 39.05240000 21 92 281 641 1751
825000 39.86200000 20 92 302 593 6854
835000 38.34540000 21 89 278 542 1283
845000 39.56440000 20 92 290 779 1493
855000 38.92960000 20 89 276 719 2018
865000 47.33160000 20 89 302 701 84107
875000 39.67460000 20 92 314 779 1772
885000 40.02700000 21 92 303 716 1667
895000 39.08760000 21 89 296 635 942
905000 38.75240000 20 89 296 659 899
915000 38.90200000 20 91 287 614 1292
925000 39.12300000 21 89 295 674 1124
935000 39.42880000 21 92 298 653 1310
945000 38.84440000 20 89 299 638 1103
955000 39.53340000 20 89 305 716 1013
965000 39.81260000 21 93 296 647 1208
975000 38.71180000 20 92 281 578 1115
985000 38.81880000 20 92 281 653 1124
995000 39.47000000 21 93 287 680 1376
1005000 39.36220000 21 89 305 629 1262
1015000 39.34740000 21 92 284 647 1142
1025000 40.19020000 21 92 309 701 2549
1035000 39.38380000 21 89 291 695 1268
1045000 39.57840000 20 92 302 687 1283
1055000 39.60380000 21 90 296 722 2300
1065000 39.83080000 21 93 307 660 1439
1075000 39.18540000 21 94 284 590 974
1085000 95.44040000 21 89 303 704 561698
1095000 39.07660000 21 93 274 599 1220
1105000 39.84300000 21 94 291 662 1646
1115000 39.91600000 21 93 296 758 1922
1125000 39.41140000 21 89 298 701 1202
1135000 39.49560000 21 92 305 611 1353
1145000 39.20720000 21 89 281 662 2270
1155000 39.79240000 21 92 302 863 1122
1165000 39.42960000 21 93 287 557 1109
1175000 39.23240000 21 91 284 647 1478
1185000 39.82600000 21 92 302 683 1187
1195000 39.39780000 21 92 298 647 914
1205000 39.20620000 21 89 299 599 1703
1215000 39.69700000 21 92 305 671 1712
1225000 40.37880000 21 93 311 749 1160
1235000 39.66200000 21 93 290 680 1007
1245000 39.37180000 21 92 263 764 1646
1255000 39.52920000 21 94 295 569 1082
1265000 40.03520000 21 94 308 635 1229
1275000 39.53740000 21 89 282 860 1388
1285000 39.92040000 21 94 284 687 2081
1295000 40.55500000 21 94 305 746 1730
1305000 40.00120000 21 96 291 653 1457
1315000 40.10340000 21 93 291 719 1277
1325000 39.81860000 21 94 302 653 1481
1335000 40.08040000 21 92 296 662 2753
1345000 39.74940000 21 92 284 848 1331
1355000 39.47300000 21 93 293 617 1310
1365000 39.91480000 21 92 281 746 1556
1375000 40.12740000 21 92 302 758 1241
1385000 39.80260000 21 91 291 803 1646
1395000 40.48420000 21 94 311 764 1922
1405000 39.96660000 21 92 296 662 1262
1415000 39.66200000 21 92 291 674 1166
1425000 40.28860000 22 94 292 635 2237
1435000 40.27740000 22 95 290 707 1544
1445000 40.53920000 21 95 312 758 953
1455000 39.59440000 21 92 284 701 1439
1465000 40.38120000 22 94 303 695 1418
1475000 41.17120000 21 97 311 683 2396
1485000 40.23340000 21 92 305 803 1434
1495000 40.74120000 21 92 302 744 2144
1505000 40.59740000 21 95 317 708 1934
1515000 40.48360000 21 95 296 698 1829
1525000 40.06500000 21 95 298 683 1280
1535000 40.55180000 21 93 296 788 1166
1545000 40.62880000 22 94 302 698 1676
1555000 40.01580000 21 92 302 696 1556
1565000 39.85360000 21 94 302 683 1493
1575000 40.01680000 21 94 293 608 998
1585000 40.79760000 22 95 303 758 2048
1595000 40.15820000 22 93 310 632 1082
1605000 41.08060000 21 95 305 800 1839
1615000 40.34280000 21 94 296 716 2354
1625000 40.20140000 21 93 302 674 2762
1635000 40.71040000 21 95 311 698 1718
1645000 39.94260000 22 92 287 641 1502
1655000 40.18480000 22 94 293 632 1376
1665000 40.75720000 21 94 311 680 1331
1675000 41.28360000 21 98 318 653 995
1685000 41.40260000 22 95 337 800 1115
1695000 40.02040000 21 93 284 764 2078
1705000 40.13100000 22 94 303 662 1577
1715000 39.98960000 22 94 293 636 998
1725000 40.89760000 22 97 296 683 1871
1735000 40.08300000 21 94 296 701 1733
1745000 41.09500000 22 97 305 746 1301
1755000 40.00840000 22 92 302 680 1268
1765000 40.06620000 22 93 291 698 1586
1775000 40.70000000 21 95 329 701 1109
1785000 40.93600000 22 94 311 690 1145
1795000 41.19180000 22 94 329 641 1247
1805000 39.95420000 22 94 296 653 926
1815000 40.40860000 22 94 284 647 1850
1825000 40.70040000 21 92 320 710 1880
1835000 40.78360000 22 95 311 677 2220
1845000 40.94380000 22 93 323 734 1451
1855000 40.86600000 22 95 298 716 1985
1865000 40.70540000 22 95 296 626 1310
1875000 39.95500000 22 92 296 581 1607
1885000 40.72860000 22 94 311 695 1745
1895000 40.42700000 21 94 305 701 1130
1905000 40.46620000 22 94 298 718 1514
1915000 40.34160000 22 95 303 620 1970
1925000 40.42660000 21 94 317 669 1373
1935000 40.94260000 22 96 312 668 1418
1945000 40.86420000 21 94 308 800 1059
1955000 40.58720000 22 95 305 737 2549
1965000 40.06060000 22 92 302 599 911
1975000 41.51760000 22 98 302 716 3383
1985000 39.89120000 22 95 287 683 1499
1995000 40.24840000 22 93 293 647 1754
2005000 41.28780000 22 99 308 641 2306
2015000 40.06300000 21 95 284 656 1103
2025000 40.37560000 22 92 309 716 1964
2035000 41.19240000 22 95 312 764 1355
2045000 40.48520000 21 94 302 683 1619
2055000 40.83880000 22 94 326 653 1808
2065000 40.49700000 22 94 302 710 1184
2075000 40.71500000 22 94 305 654 1082
2085000 40.56520000 22 94 302 725 953
2095000 40.48320000 21 94 314 701 1457
2105000 40.91440000 22 94 329 683 1730
2115000 40.84600000 22 95 305 708 1256
2125000 40.97460000 22 97 296 662 1754
2135000 39.68780000 21 93 293 617 1331
2145000 41.46700000 22 98 323 674 1499
2155000 40.49100000 22 95 302 641 1115
2165000 40.61180000 22 94 317 662 956
2175000 42.17080000 22 101 305 821 1920
2185000 40.73940000 22 94 305 701 2279
2195000 40.32520000 22 94 284 599 2129
2205000 39.97780000 22 93 284 566 1082
2215000 40.87500000 22 97 298 683 977
2225000 41.10020000 22 94 311 653 2129
2235000 40.14880000 22 93 302 617 1397
2245000 40.22400000 22 94 302 641 1730
2255000 40.64780000 22 95 308 639 1838
2265000 41.12140000 22 95 308 653 1511
2275000 40.66920000 21 94 311 680 926
2285000 41.98540000 22 97 314 827 1667
2295000 40.93300000 22 94 314 653 1514
2305000 40.78440000 22 96 303 701 1436
2315000 40.73960000 22 94 302 674 1550
2325000 41.54620000 22 95 314 771 1754
2335000 40.46160000 22 95 297 618 1289
2345000 43.88960000 22 97 331 806 24476
2355000 39.62680000 22 93 284 638 1322
2365000 40.61760000 22 96 298 683 1229
2375000 40.37680000 22 94 293 662 1208
2385000 40.79320000 22 95 302 683 1115
2395000 41.99640000 22 97 329 768 1754
2405000 40.78760000 22 94 290 701 1625
2415000 41.80840000 22 95 314 746 1499
2425000 41.55240000 22 98 327 791 1541
2435000 41.20940000 22 95 310 734 1157
2445000 41.21320000 22 95 314 638 2090
2455000 40.44300000 22 93 293 674 1964
2465000 41.08420000 22 94 326 767 2210
2475000 41.82760000 22 95 323 815 1808
2485000 40.89480000 22 97 298 708 1103
2495000 40.90820000 22 98 298 669 1355
2505000 40.61320000 22 96 305 653 1661
2515000 41.35260000 22 97 317 611 1268
2525000 40.43420000 22 96 296 603 1049
2535000 40.45900000 22 95 300 599 1877
2545000 42.00060000 22 98 320 800 1520
2555000 41.08900000 22 95 335 701 1310
2565000 41.45080000 22 94 305 809 1583
2575000 40.19160000 22 93 298 636 991
2585000 42.33920000 22 97 344 788 1901
2595000 40.17280000 22 94 293 623 1436
2605000 41.80080000 22 101 314 674 1115
2615000 40.95380000 22 96 298 668 1325
2625000 41.16940000 22 94 302 695 1604
2635000 41.17500000 22 98 309 653 1472
2645000 40.98700000 22 96 302 669 1808
2655000 40.95460000 22 95 302 662 1605
2665000 41.56140000 22 97 298 785 1109
2675000 41.22560000 22 95 310 771 1580
2685000 41.70460000 22 97 326 753 2186
2695000 41.14920000 22 96 298 695 1187
2705000 41.07260000 22 95 305 737 1607
2715000 41.34820000 22 97 304 753 1388
2725000 40.62060000 22 95 305 683 989
2735000 41.25160000 22 97 302 680 1322
2745000 41.60080000 22 97 302 674 2189
2755000 41.30400000 22 99 308 668 1199
2765000 41.93720000 22 98 314 734 2039
2775000 48.24100000 22 97 291 698 76043
2785000 41.70360000 22 98 323 725 2459
2795000 41.14880000 22 97 305 641 1208
2805000 42.01720000 22 97 317 701 1535
2815000 41.25900000 22 97 311 620 908
2825000 41.19700000 22 95 311 653 1208
2835000 41.25520000 22 97 308 689 1409
2845000 41.40900000 22 97 314 716 1037
2855000 41.23820000 22 96 317 689 1103
2865000 42.01780000 22 98 311 636 2333
2875000 41.75160000 22 95 302 737 2258
2885000 40.66820000 22 94 308 704 1142
2895000 41.26360000 22 95 314 662 1343
2905000 41.16480000 22 95 296 752 1094
2915000 41.55760000 22 95 311 758 1427
2925000 41.74480000 22 96 317 746 1355
2935000 41.02980000 22 95 305 785 1667
2945000 41.63600000 22 101 309 809 1424
2955000 41.44540000 22 95 307 743 1184
2965000 42.13620000 22 98 338 842 2234
2975000 40.91300000 22 98 290 597 1181
2985000 41.34100000 22 97 305 705 1103
2995000 40.60020000 22 95 293 701 1070
3005000 41.36020000 22 98 296 680 2342
3015000 41.18860000 22 95 302 698 1838
3025000 41.86920000 22 97 317 743 1439
3035000 41.19680000 22 97 303 683 977
3045000 40.90120000 22 95 287 716 1418
3055000 41.60040000 22 98 326 732 1394
3065000 41.59700000 22 97 302 845 1376
3075000 41.49880000 22 95 316 713 1964
3085000 41.83020000 22 99 293 647 1544
3095000 40.39240000 22 95 293 608 1283
3105000 41.64640000 22 101 303 701 1322
3115000 41.02860000 22 94 302 758 1136
3125000 41.26100000 22 98 302 701 1059
3135000 40.26820000 22 94 293 785 1094
3145000 41.91240000 22 97 308 842 1142
3155000 41.01380000 22 98 312 632 1436
3165000 48.72820000 22 97 338 674 67337
3175000 41.14740000 22 94 302 788 1145
3185000 41.70460000 22 94 314 800 1569
3195000 41.50660000 22 94 323 737 1817
3205000 41.30340000 22 102 294 751 1433
3215000 41.54840000 22 98 309 647 1031
3225000 42.22360000 22 96 320 773 1793
3235000 41.80260000 22 98 311 701 1691
3245000 41.89340000 22 95 331 725 1970
3255000 41.62540000 22 101 293 683 1046
3265000 41.20740000 22 95 293 800 1325
3275000 42.39520000 22 101 332 737 974
3285000 41.68000000 22 97 314 653 926
3295000 41.32680000 22 97 309 698 1172
3305000 41.06540000 22 98 296 638 1028
3315000 41.67820000 22 97 309 653 1460
3325000 41.37480000 22 95 302 816 1730
3335000 41.54780000 22 96 313 725 1436
3345000 42.15340000 22 97 326 746 1598
3355000 41.11500000 22 96 299 692 1658
3365000 41.91220000 22 98 305 680 3284
3375000 40.75960000 22 95 299 674 1082
3385000 41.63880000 22 96 312 678 1754
3395000 42.12320000 22 98 311 746 1451
3405000 42.11800000 22 99 311 761 1541
3415000 41.68860000 22 98 314 740 996
3425000 41.49680000 22 95 311 722 1544
3435000 41.31280000 22 101 298 680 1292
3445000 40.98840000 22 96 311 688 1667
3455000 41.98060000 22 101 312 653 1322
3465000 40.86340000 22 94 293 662 2447
3475000 41.49060000 22 98 305 626 1499
3485000 41.48240000 22 97 302 737 1268
3495000 42.08920000 22 102 303 611 1775
3505000 41.24580000 22 97 317 653 1346
3515000 41.63240000 22 101 314 647 1068
3525000 41.01700000 22 97 302 701 1268
3535000 41.90160000 22 98 302 827 2081
3545000 41.58940000 22 101 314 683 1481
3555000 42.45580000 22 101 303 743 1535
3565000 41.46480000 22 97 302 746 1388
3575000 41.60300000 22 101 302 627 1373
3585000 41.43340000 22 96 320 771 1094
3595000 41.91240000 22 97 311 710 1787
3605000 41.58440000 22 98 309 737 1511
3615000 41.62180000 22 98 308 578 1103
3625000 41.85000000 22 98 317 701 1553
3635000 41.23060000 22 94 302 746 1322
3645000 41.80000000 22 98 302 683 1724
3655000 41.44920000 22 97 314 737 1572
3665000 42.11060000 22 97 326 758 2045
3675000 41.72440000 22 97 317 725 1868
3685000 40.97820000 22 94 293 746 1436
3695000 41.81780000 22 101 317 644 1583
3705000 41.87740000 22 97 329 857 1856
3715000 41.81100000 22 98 314 746 1214
3725000 41.81560000 22 97 317 692 1079
3735000 42.18460000 22 101 335 737 1367
3745000 42.26220000 22 101 305 764 1619
3755000 42.08720000 22 101 314 701 914
3765000 43.11700000 22 101 323 834 1824
3775000 41.67540000 22 98 302 710 1983
3785000 42.60320000 22 102 347 746 2066
3795000 41.75800000 22 97 311 732 1220
3805000 41.95260000 22 95 314 809 1709
3815000 41.55760000 22 98 314 701 1145
3825000 41.63380000 22 101 316 746 1338
3835000 42.78720000 22 101 330 701 2762
3845000 42.11900000 22 98 308 704 1556
3855000 41.49520000 22 96 314 680 1439
3865000 42.21000000 22 101 317 683 1028
3875000 42.34940000 22 101 317 716 2276
3885000 41.83900000 22 97 312 701 1280
3895000 43.19340000 22 104 321 803 1373
3905000 41.69620000 22 98 314 647 1439
3915000 41.08300000 22 95 295 659 1583
3925000 41.36100000 22 98 305 627 1229
3935000 41.61560000 22 97 305 683 932
3945000 42.05440000 22 101 312 653 1433
3955000 41.75100000 22 96 291 800 1670
3965000 41.10140000 22 99 311 641 1268
3975000 42.31060000 22 98 320 758 1199
3985000 41.70600000 22 98 320 641 848
3995000 42.20920000 22 101 311 746 1709
4005000 42.10000000 22 99 305 683 1460
4015000 41.98860000 22 99 317 662 1373
4025000 41.64140000 22 101 303 662 1256
4035000 41.09680000 22 98 290 596 1004
4045000 41.83260000 22 98 311 758 1355
4055000 41.77280000 22 98 311 654 1124
4065000 41.02840000 22 98 293 743 2447
4075000 41.68980000 22 97 317 761 1187
4085000 41.92360000 22 98 332 662 947
4095000 41.14060000 22 98 298 674 1136
4105000 42.33660000 22 98 317 750 2270
4115000 41.62940000 22 98 309 746 1247
4125000 41.43400000 22 97 311 692 1229
4135000 42.00660000 22 97 303 785 1553
4145000 42.31940000 22 101 317 743 1388
4155000 42.27940000 22 102 304 683 1775
4165000 42.17760000 22 98 316 680 1157
4175000 43.03900000 22 103 332 725 1649
4185000 41.41360000 22 99 296 656 1724
4195000 41.98860000 22 97 319 701 1619
4205000 42.23180000 22 101 311 652 2087
4215000 42.26860000 22 99 338 704 1262
4225000 42.46920000 22 98 323 669 2234
4235000 42.48800000 22 101 310 797 1460
4245000 114.78640000 22 101 300 636 731165
4255000 43.13220000 22 103 327 809 1733
4265000 42.50080000 22 98 314 764 1481
4275000 41.68600000 22 99 295 692 1136
4285000 41.63700000 22 99 302 683 977
4295000 42.12140000 22 98 302 704 3992
4305000 42.16540000 22 98 314 743 1598
4315000 41.46720000 22 98 302 695 1133
4325000 41.91020000 22 98 314 743 1205
4335000 41.73340000 22 97 305 848 2066
4345000 42.22800000 22 101 312 701 1796
4355000 42.50140000 22 101 337 737 2006
4365000 42.19240000 22 98 311 653 1481
4375000 42.30480000 22 101 330 653 1739
4385000 42.48560000 22 101 335 734 1229
4395000 41.84320000 22 98 302 704 1178
4405000 41.64000000 22 94 314 842 1499
4415000 42.67700000 22 99 320 785 2271
4425000 42.50500000 22 98 338 821 1268
4435000 41.85660000 22 101 302 701 1394
4445000 42.00040000 22 97 326 732 1382
4455000 42.24400000 22 102 320 641 1436
4465000 41.44800000 22 98 285 632 1124
4475000 41.58140000 22 98 310 638 1964
4485000 42.16060000 22 102 309 647 974
4495000 41.94540000 22 101 332 614 1194
4505000 41.92700000 22 98 311 674 1208
4515000 41.47120000 22 98 302 617 1061
4525000 42.55380000 22 98 331 821 1418
4535000 42.83320000 22 103 311 776 2129
4545000 42.47440000 22 101 337 758 1451
4555000 42.24540000 22 101 303 647 1499
4565000 41.41340000 22 96 309 599 1187
4575000 41.90440000 22 99 320 716 1137
4585000 42.40740000 22 98 317 662 2153
4595000 42.02120000 22 99 303 701 1388
4605000 42.05080000 22 101 302 683 1446
4615000 42.59940000 22 101 338 680 1712
4625000 41.43820000 22 96 296 692 1583
4635000 41.77120000 22 99 311 641 1283
4645000 41.77860000 22 99 317 569 1451
4655000 42.28760000 22 101 303 746 1346
4665000 41.88460000 22 101 305 786 1730
4675000 42.86580000 22 101 326 696 1310
4685000 41.95100000 22 97 311 647 1289
4695000 41.97880000 22 98 311 827 2258
4705000 42.52800000 22 102 316 719 1187
4715000 42.61840000 22 101 311 689 1838
4725000 41.16460000 22 97 296 737 2165
4735000 42.82800000 22 98 332 662 1283
4745000 42.35120000 22 101 320 746 1808
4755000 41.55160000 22 98 302 683 2153
4765000 42.26880000 22 99 317 683 1388
4775000 41.64020000 22 98 314 683 1355
4785000 42.11020000 22 101 311 692 1346
4795000 41.94060000 22 98 305 809 1493
4805000 42.77740000 22 102 329 683 1052
4815000 42.45100000 22 98 317 717 2123
4825000 42.13740000 22 102 309 716 944
4835000 42.08300000 22 98 329 701 1205
4845000 41.77000000 22 101 302 656 947
4855000 41.85360000 22 98 303 687 1709
4865000 49.16840000 22 101 317 782 60794
4875000 41.98000000 22 98 311 695 1149
4885000 41.83500000 22 101 308 656 1229
4895000 42.43000000 22 101 317 641 1544
4905000 41.99140000 22 98 309 758 1682
4915000 41.75700000 22 97 310 653 1724
4925000 41.90420000 22 99 314 674 1136
4935000 41.94940000 22 97 311 618 1871
4945000 42.00480000 22 101 331 618 1061
4955000 42.80600000 22 102 317 641 3026
4965000 42.43960000 22 101 305 701 1115
4975000 43.96620000 22 99 311 773 19241
4985000 42.05200000 22 101 296 689 1712
4995000 42.31120000 22 101 317 656 1577
5005000 41.03460000 22 96 302 543 1175
5015000 42.95360000 22 102 327 701 1070
5025000 41.74840000 22 98 311 695 1013
5035000 42.72300000 22 101 309 743 1322
5045000 41.89640000 22 98 311 599 1091
5055000 41.79280000 22 97 320 653 1208
5065000 42.84780000 22 101 320 746 1544
5075000 42.46600000 22 101 320 674 1362
5085000 42.61240000 22 101 316 827 2063
5095000 42.21960000 22 95 335 734 1754
5105000 42.51860000 22 101 310 764 1614
5115000 42.17320000 22 97 320 695 1184
5125000 42.07560000 22 97 302 692 2549
5135000 42.28400000 22 101 332 704 1388
5145000 42.76840000 22 101 314 716 1766
5155000 42.08640000 22 97 329 776 1745
5165000 42.30820000 22 99 319 761 1082
5175000 42.13840000 22 101 311 683 953
5185000 41.92620000 22 101 308 593 950
5195000 41.72900000 22 101 290 660 1730
5205000 41.95540000 22 101 311 755 1208
5215000 43.11360000 22 101 347 719 1058
5225000 42.70640000 22 101 335 681 1613
5235000 43.67140000 22 101 335 866 1922
5245000 42.15420000 22 101 296 674 1094
5255000 42.15040000 22 101 298 788 1535
5265000 42.11440000 22 98 314 758 1409
5275000 42.46920000 22 101 311 757 1478
5285000 42.31040000 22 97 308 771 1257
5295000 42.87580000 22 101 329 716 1425
5305000 42.18540000 22 99 314 725 1796
5315000 42.71480000 22 101 311 662 2297
5325000 42.61840000 22 98 323 821 2048
5335000 41.78940000 22 99 311 701 1331
5345000 43.40440000 22 102 321 737 1322
5355000 41.97220000 22 98 335 680 1250
5365000 42.52140000 22 101 317 620 971
5375000 42.16700000 22 99 312 785 1550
5385000 42.28300000 22 101 311 716 1184
5395000 42.04140000 22 98 331 800 1139
5405000 42.45140000 22 101 313 702 1544
5415000 42.92500000 22 103 302 755 1730
5425000 42.38160000 22 101 317 695 1136
5435000 42.47020000 22 98 332 737 2531
5445000 41.92600000 22 101 317 716 1013
5455000 43.35420000 22 103 317 860 1502
5465000 42.32120000 22 99 305 782 1397
5475000 42.06640000 22 99 332 704 1856
5485000 42.66780000 22 103 309 683 1502
5495000 42.03320000 22 101 295 638 1164
5505000 41.98000000 22 99 311 662 1094
5515000 42.08580000 22 98 318 704 1658
5525000 42.67420000 22 99 317 809 1355
5535000 43.22080000 22 98 331 911 1202
5545000 96.00420000 22 101 317 743 536429
5555000 42.75620000 22 101 321 662 1346
5565000 43.42600000 22 101 338 821 2474
5575000 42.53700000 22 101 314 816 2360
5585000 42.70880000 22 102 320 718 1388
5595000 42.46420000 22 102 311 632 998
5605000 43.44960000 22 101 335 836 1688
5615000 42.99700000 22 101 317 668 3149
5625000 42.37960000 22 98 317 647 1793
5635000 41.87340000 22 98 327 626 1037
5645000 42.34760000 22 102 302 734 1551
5655000 42.43000000 22 102 302 596 1724
5665000 49.03440000 22 98 305 599 73580
5675000 42.77840000 22 101 320 905 2060
5685000 41.99980000 22 101 302 647 1104
5695000 42.50040000 22 102 326 698 977
5705000 42.06400000 22 99 302 695 1229
5715000 43.38220000 22 101 356 749 1388
5725000 41.96400000 22 97 314 716 1472
5735000 42.56240000 22 102 314 683 1244
5745000 41.35660000 22 97 287 543 3056
5755000 42.04860000 22 98 317 629 1448
5765000 42.74900000 22 99 338 764 1292
5775000 42.96340000 22 103 318 692 1334
5785000 42.77880000 22 103 303 836 1514
5795000 42.10780000 22 101 302 623 1283
5805000 41.89360000 22 99 287 788 1373
5815000 42.01860000 22 101 299 647 1481
5825000 42.91820000 22 101 323 764 1640
5835000 42.30460000 22 101 302 683 1103
5845000 43.30860000 22 102 314 779 1838
5855000 42.53960000 22 101 321 695 1670
5865000 42.55120000 22 102 309 677 1460
5875000 41.03880000 22 97 294 554 1136
5885000 43.45780000 22 103 330 746 1502
5895000 42.33640000 22 99 302 725 1467
5905000 42.90120000 22 101 341 737 1145
5915000 42.81860000 22 101 311 752 1394
5925000 43.32640000 22 103 317 743 1223
5935000 42.22860000 22 101 314 746 2174
5945000 42.83180000 22 101 323 737 1619
5955000 42.31720000 22 101 311 683 1367
5965000 42.90240000 22 102 311 716 1163
5975000 41.71720000 22 98 293 746 1853
5985000 42.11920000 22 98 311 719 1061
5995000 43.05960000 22 101 311 758 2426
6005000 42.86240000 22 101 316 746 1472
6015000 42.33820000 22 104 311 557 1086
6025000 42.56940000 22 99 314 764 1331
6035000 42.49220000 22 103 302 767 1418
6045000 43.11520000 22 101 318 797 1277
6055000 42.80880000 22 101 321 764 2186
6065000 42.37240000 22 98 311 743 1583
6075000 42.99940000 22 101 330 767 1217
6085000 43.64160000 22 104 332 750 1838
6095000 42.56120000 22 101 337 764 1115
6105000 42.31780000 22 101 305 674 1247
6115000 42.83640000 22 103 312 656 989
6125000 42.39860000 22 101 323 618 1415
6135000 43.84480000 22 101 347 932 1781
6145000 43.09860000 22 103 327 656 1355
6155000 41.92900000 22 101 305 620 1481
6165000 42.16180000 22 101 308 698 1583
6175000 42.22200000 22 98 317 779 1796
6185000 42.35780000 22 101 303 641 1374
6195000 42.54640000 22 101 311 797 1838
6205000 41.90100000 22 99 305 716 1367
6215000 42.12320000 22 99 317 681 1241
6225000 43.66900000 22 104 320 746 1304
6235000 42.43440000 22 101 311 834 1520
6245000 42.35680000 22 98 317 743 2762
6255000 43.03060000 22 102 327 669 1661
6265000 42.96600000 22 101 317 716 1766
6275000 43.43060000 22 101 327 773 3278
6285000 42.82120000 22 102 321 674 2930
6295000 42.43380000 22 101 332 690 1070
6305000 43.19540000 22 103 326 767 1796
6315000 42.18640000 22 101 310 653 872
6325000 43.05360000 22 104 320 758 1310
6335000 42.49720000 22 99 314 746 1569
6345000 43.41280000 22 101 335 758 1481
6355000 42.60360000 22 101 314 746 1538
6365000 42.41660000 22 101 309 683 1307
6375000 43.30000000 22 103 331 809 2069
6385000 41.80920000 22 101 295 653 1604
6395000 42.44120000 22 101 296 830 2573
6405000 42.81040000 22 101 317 704 1313
6415000 41.84580000 22 98 305 653 1565
6425000 42.96640000 22 102 317 744 1289
6435000 43.00720000 22 101 344 701 1388
6445000 42.80700000 22 101 320 695 995
6455000 42.19160000 22 101 331 701 1019
6465000 42.77320000 22 101 332 704 1478
6475000 43.09800000 22 102 317 662 1754
6485000 43.10780000 22 101 337 809 2774
6495000 42.70000000 22 102 317 668 2741
6505000 42.56460000 22 101 314 698 1076
6515000 43.38580000 22 102 347 738 1388
6525000 42.81160000 22 101 314 767 1661
6535000 42.36060000 22 101 320 725 1355
6545000 42.27680000 22 101 317 659 1283
6555000 43.31500000 22 102 326 732 1283
6565000 43.39200000 22 104 328 821 2096
6575000 42.89000000 22 101 314 629 1220
6585000 42.44260000 22 102 309 641 1331
6595000 43.20360000 22 99 332 708 1409
6605000 43.07980000 22 103 339 764 1283
6615000 43.14280000 22 101 338 746 1187
6625000 42.45060000 22 97 326 708 2900
6635000 42.69680000 22 102 303 620 1814
6645000 43.56040000 22 104 323 683 1031
6655000 42.05700000 22 98 320 716 1208
6665000 42.56480000 22 101 320 680 1556
6675000 42.07120000 22 102 299 596 995
6685000 42.08760000 22 99 314 680 996
6695000 43.16980000 22 103 332 704 1257
6705000 41.84500000 22 97 302 662 1569
6715000 43.40400000 22 103 323 701 1640
6725000 42.32840000 22 101 314 662 1199
6735000 43.66840000 22 102 341 849 1310
6745000 42.40080000 22 101 305 755 1661
6755000 43.88360000 22 102 350 716 1397
6765000 41.69500000 22 101 296 674 1247
6775000 42.95460000 22 103 327 809 1268
6785000 42.28120000 22 99 320 617 989
6795000 42.55720000 22 102 319 692 1586
6805000 42.77760000 22 102 323 704 1094
6815000 43.24700000 22 101 344 674 1236
6825000 42.63100000 22 101 329 746 1010
6835000 42.77880000 22 101 323 683 1874
6845000 42.64040000 22 101 311 764 2363
6855000 42.44020000 22 99 319 722 1292
6865000 42.89760000 22 102 323 641 1217
6875000 42.32860000 22 99 305 659 1205
6885000 42.53200000 22 98 314 854 2108
6895000 42.64260000 22 101 311 698 1499
6905000 43.24220000 22 104 311 680 2363
6915000 42.86260000 22 97 317 821 2591
6925000 42.78720000 22 103 305 749 1217
6935000 43.06640000 22 103 319 681 1481
6945000 42.23860000 22 99 312 674 1523
6955000 43.56120000 22 104 331 746 1313
6965000 43.98940000 22 105 320 689 1481
6975000 41.96920000 22 98 308 653 1709
6985000 43.09800000 22 101 332 701 1670
6995000 43.79120000 22 104 344 722 1010
7005000 42.72940000 22 103 317 653 1565
7015000 42.72720000 22 101 314 746 1272
7025000 43.04300000 22 104 319 713 989
7035000 43.55140000 22 106 320 674 1439
7045000 42.46080000 22 101 339 716 1793
7055000 42.75400000 22 102 313 758 1319
7065000 43.47220000 22 104 326 635 1481
7075000 42.67980000 22 102 329 683 1055
7085000 42.87140000 22 103 314 669 1082
7095000 43.43260000 22 104 331 695 1625
7105000 42.77400000 22 99 338 692 2423
7115000 42.85820000 22 101 314 797 1607
7125000 42.56500000 22 103 309 641 1814
7135000 42.78420000 22 101 316 737 1481
7145000 42.12400000 22 101 309 698 1004
7155000 43.60720000 22 103 321 716 1808
7165000 44.02740000 22 104 344 764 2102
7175000 43.74260000 22 103 347 746 1481
7185000 42.58360000 22 101 305 683 1061
7195000 43.56720000 22 101 332 830 1943
7205000 42.98120000 22 101 323 698 2048
7215000 42.67660000 22 101 311 816 1304
7225000 41.94300000 22 101 303 687 1178
7235000 42.82960000 22 102 295 809 2456
7245000 43.33600000 22 101 341 692 1031
7255000 42.78780000 22 102 323 687 974
7265000 42.38240000 22 99 311 743 1388
7275000 43.40800000 22 101 332 743 2741
7285000 43.03500000 22 101 337 753 1964
7295000 42.95420000 22 101 332 680 1355
7305000 42.47860000 22 101 311 662 1103
7315000 41.91720000 22 101 302 662 1367
7325000 42.22660000 22 102 302 656 1415
7335000 42.49780000 22 98 323 716 953
7345000 42.25260000 22 103 305 654 1667
7355000 43.28180000 22 101 338 764 1640
7365000 43.04860000 22 99 345 723 1607
7375000 43.62840000 22 106 321 795 1544
7385000 42.87080000 22 102 320 746 1154
7395000 41.94700000 22 101 302 674 1730
7405000 43.86000000 22 101 347 638 1850
7415000 43.38460000 22 104 317 689 1289
7425000 42.90700000 22 99 341 737 1283
7435000 42.83400000 22 102 311 662 998
7445000 43.33640000 22 106 317 617 1436
7455000 43.28500000 22 103 338 723 1193
7465000 43.13520000 22 102 322 779 1416
7475000 42.52820000 22 99 308 785 1901
7485000 42.44260000 22 103 314 641 1115
7495000 44.04360000 22 104 338 704 1229
7505000 42.42280000 22 96 305 788 1712
7515000 42.46240000 22 102 305 695 1262
7525000 42.97860000 22 98 332 708 2234
7535000 43.05080000 22 104 314 785 1244
7545000 41.91400000 22 97 309 653 1381
7555000 43.11540000 22 104 311 617 1739
7565000 43.06460000 22 101 326 692 1691
7575000 43.35820000 22 101 344 809 1331
7585000 43.57980000 22 103 330 746 2066
7595000 42.50320000 22 101 311 695 1754
7605000 43.03660000 22 102 332 818 1254
7615000 43.23000000 22 104 317 716 1250
7625000 43.16000000 22 103 314 710 1856
7635000 43.45240000 22 102 326 788 2342
7645000 43.75320000 22 101 338 797 1559
7655000 43.04060000 22 101 338 662 1367
7665000 43.37620000 22 103 338 673 1268
7675000 43.19100000 22 102 329 740 1325
7685000 42.72040000 22 101 317 641 998
7695000 42.56560000 22 101 305 674 1502
7705000 42.65400000 22 102 317 627 2297
7715000 42.75620000 22 101 309 725 1268
7725000 43.68580000 22 102 331 785 1523
7735000 42.88500000 22 104 320 620 1436
7745000 43.66580000 22 101 344 746 1514
7755000 43.16920000 22 101 338 821 1541
7765000 42.73500000 22 101 311 708 1059
7775000 43.52740000 22 103 338 704 1031
7785000 42.58240000 22 102 302 606 1616
7795000 42.15900000 22 101 311 617 929
7805000 43.04480000 22 101 332 821 1373
7815000 42.69580000 22 103 317 638 1226
7825000 43.66260000 22 104 321 797 1445
7835000 43.09580000 22 102 332 683 1268
7845000 42.84940000 22 103 323 662 1058
7855000 42.47340000 22 102 317 680 1181
7865000 43.44220000 22 102 337 744 1250
7875000 41.83000000 22 101 296 762 1391
7885000 43.61700000 22 104 323 809 1604
7895000 44.05400000 22 103 347 800 1451
7905000 43.51720000 22 103 330 680 1412
7915000 42.16500000 22 101 305 653 1079
7925000 43.74380000 22 102 346 764 2066
7935000 42.38560000 22 101 317 662 1013
7945000 43.95180000 22 103 326 737 1544
7955000 42.58660000 22 101 305 809 1808
7965000 43.71040000 22 104 317 734 3170
7975000 42.65100000 22 99 303 669 2018
7985000 43.33040000 22 101 317 758 1310
7995000 42.97720000 22 102 337 704 998
8005000 43.20000000 22 103 317 722 1121
8015000 43.10960000 22 102 321 878 1319
8025000 43.20580000 22 104 317 641 2186
8035000 43.03020000 22 101 326 701 2048
8045000 43.38880000 22 103 344 704 1104
8055000 42.85240000 22 104 317 683 1208
8065000 43.66560000 22 103 338 746 1175
8075000 43.84400000 22 103 344 683 2048
8085000 43.03060000 22 103 326 674 3098
8095000 42.84900000 22 104 302 698 953
8105000 43.28960000 22 102 326 704 1268
8115000 42.58300000 22 101 326 701 1010
8125000 43.11120000 22 103 314 746 1208
8135000 43.19260000 22 102 320 746 1563
8145000 42.74380000 22 102 310 641 1499
8155000 42.61560000 22 103 312 641 1376
8165000 42.62480000 22 101 309 698 1454
8175000 42.97240000 22 102 317 674 1340
8185000 42.54660000 22 101 314 722 1730
8195000 43.36820000 22 104 335 758 1850
8205000 43.80220000 22 102 329 806 1754
8215000 43.54200000 22 101 326 834 1772
8225000 43.06540000 22 101 333 662 1646
8235000 42.65860000 22 102 311 620 1292
8245000 43.39200000 22 102 338 683 1208
8255000 43.38980000 22 101 345 677 1154
8265000 43.43500000 22 106 335 746 989
8275000 42.62160000 22 101 311 743 1373
8285000 43.64900000 22 102 330 687 2138
8295000 42.99100000 22 101 323 704 3299
8305000 42.70620000 22 101 317 743 1856
8315000 43.14340000 22 102 314 758 1262
8325000 42.98560000 22 101 323 653 1565
8335000 43.83360000 22 103 347 746 1913
8345000 42.66620000 22 101 308 668 1229
8355000 42.96100000 22 101 332 764 1334
8365000 43.50420000 22 102 331 815 1331
8375000 43.55660000 22 102 323 740 1340
8385000 43.46260000 22 104 339 599 1164
8395000 43.63740000 22 101 354 746 2066
8405000 42.52720000 22 101 314 656 1016
8415000 42.88360000 22 102 317 704 1076
8425000 42.44460000 22 102 305 690 1115
8435000 43.57280000 22 101 326 827 1850
8445000 43.44700000 22 103 338 698 1367
8455000 43.02960000 22 103 317 746 1661
8465000 42.75740000 22 101 311 752 1499
8475000 43.46260000 22 103 317 863 1817
8485000 43.30140000 22 102 317 704 2312
8495000 42.88720000 22 101 302 662 2531
8505000 42.83020000 22 104 320 701 1331
8515000 42.82440000 22 102 332 674 1262
8525000 43.13900000 22 103 316 689 1166
8535000 43.60240000 22 103 331 764 1220
8545000 43.03320000 22 101 317 683 1496
8555000 42.69080000 22 97 326 683 2237
8565000 43.01320000 22 103 320 614 1632
8575000 42.99120000 22 102 312 716 2339
8585000 43.60720000 22 105 317 761 1343
8595000 43.17280000 22 103 332 755 1271
8605000 43.75320000 22 102 347 809 1394
8615000 43.38980000 22 101 347 794 1607
8625000 43.34200000 22 103 317 744 1331
8635000 42.48900000 22 103 302 779 1163
8645000 43.00580000 22 101 329 647 1964
8655000 43.01200000 22 103 341 683 1793
8665000 42.46920000 22 102 309 634 1320
8675000 43.56100000 22 101 347 759 1388
8685000 43.90000000 22 103 335 725 1556
8695000 44.41320000 22 103 367 860 1817
8705000 43.06220000 22 103 311 680 995
8715000 41.81920000 22 103 287 677 1058
8725000 43.71480000 22 101 353 842 1667
8735000 43.38980000 22 102 326 716 1142
8745000 42.51820000 22 101 311 690 1496
8755000 43.13040000 22 103 303 683 2174
8765000 43.29400000 22 104 310 719 1394
8775000 43.82080000 22 103 347 719 1667
8785000 44.20560000 22 103 348 797 1227
8795000 42.57620000 22 101 302 809 1145
8805000 42.67060000 22 103 314 668 1187
8815000 43.41420000 22 104 316 795 1346
8825000 43.38140000 22 103 326 704 1373
8835000 43.83880000 22 103 341 731 1961
8845000 43.00680000 22 103 317 717 2216
8855000 43.36900000 22 103 335 761 1871
8865000 42.74080000 22 101 314 604 1572
8875000 42.59400000 22 101 330 662 2396
8885000 43.07840000 22 101 326 716 1058
8895000 42.74200000 22 102 305 683 1241
8905000 43.84740000 22 103 348 659 1614
8915000 43.05920000 22 101 314 686 977
8925000 43.32940000 22 102 320 722 1661
8935000 43.28040000 22 101 329 764 1265
8945000 43.51660000 22 106 311 634 1661
8955000 43.45720000 22 102 341 753 1478
8965000 43.86660000 22 103 353 716 1205
8975000 42.65000000 22 102 317 617 1418
8985000 42.49420000 22 101 326 716 1244
8995000 43.68600000 22 106 319 809 1226
9005000 43.07000000 22 103 326 668 1709
9015000 43.24120000 22 103 320 617 1061
9025000 43.20120000 22 103 311 767 1322
9035000 43.27360000 22 103 320 653 1136
9045000 43.45180000 22 102 341 701 1109
9055000 42.48960000 22 99 314 683 2102
9065000 73.38320000 22 101 310 719 306506
9075000 43.52260000 22 104 337 650 1103
9085000 43.32900000 22 102 335 674 1187
9095000 42.87020000 22 101 326 683 1373
9105000 43.60480000 22 104 319 722 1775
9115000 43.38240000 22 101 326 662 2081
9125000 43.05160000 22 102 316 803 1454
9135000 43.43800000 22 102 311 797 1803
9145000 43.69380000 22 103 337 662 1109
9155000 42.99800000 22 101 314 764 1472
9165000 42.79120000 22 101 320 683 1136
9175000 44.07960000 22 106 347 638 911
9185000 43.59920000 22 103 329 725 1871
9195000 43.20460000 22 103 329 599 1094
9205000 43.37400000 22 102 341 726 1353
9215000 43.97440000 22 102 332 755 1667
9225000 43.61020000 22 103 317 764 1730
9235000 43.09140000 22 101 347 704 956
9245000 42.92480000 22 102 323 704 1241
9255000 44.44660000 22 106 338 800 1262
9265000 43.27440000 22 101 326 809 1499
9275000 43.06760000 22 102 332 683 1241
9285000 42.87640000 22 98 326 753 863
9295000 44.26920000 22 104 353 732 2459
9305000 42.68380000 22 99 317 701 1646
9315000 42.72880000 22 101 319 647 1499
9325000 43.95660000 22 105 341 653 1079
9335000 43.62680000 22 102 332 768 1499
9345000 43.37680000 22 101 347 683 1214
9355000 43.43160000 22 103 338 692 1214
9365000 43.96340000 22 104 319 743 1964
9375000 44.08420000 22 103 335 746 1481
9385000 42.69000000 22 101 317 722 1829
9395000 44.02780000 22 104 338 725 1409
9405000 43.36660000 22 102 340 653 2012
9415000 43.69020000 22 103 331 728 968
9425000 42.93140000 22 102 308 737 1166
9435000 43.27540000 22 101 320 717 2174
9445000 43.63020000 22 104 332 716 1667
9455000 44.00660000 22 106 331 632 1796
9465000 42.87820000 22 101 309 746 1506
9475000 43.21860000 22 103 311 701 1229
9485000 43.16680000 22 102 325 683 1622
9495000 43.35040000 22 103 314 746 1409
9505000 43.01280000 22 103 334 701 1094
9515000 43.02920000 22 102 338 694 1262
9525000 44.06140000 22 102 347 752 1433
9535000 42.76380000 22 102 309 683 2321
9545000 43.23920000 22 102 332 683 1601
9555000 43.39000000 22 103 329 716 1583
9565000 43.45200000 22 101 332 821 1583
9575000 42.83740000 22 103 338 669 1058
9585000 44.15500000 22 104 338 822 1376
9595000 43.10460000 22 102 314 719 1877
9605000 43.58480000 22 103 335 746 1499
9615000 43.15720000 22 103 317 680 1460
9625000 43.88340000 22 104 317 821 2339
9635000 42.60860000 22 98 335 719 2174
9645000 43.21420000 22 103 317 779 1103
9655000 43.82760000 22 104 326 737 1460
9665000 43.29520000 22 103 331 632 1163
9675000 43.46860000 22 106 331 680 1730
9685000 43.86300000 22 102 333 716 2066
9695000 44.26220000 22 104 347 911 2045
9705000 42.59020000 22 101 314 704 1268
9715000 44.36040000 22 104 347 800 1478
9725000 43.14440000 22 104 314 704 1184
9735000 42.77560000 22 101 317 599 1068
9745000 42.38400000 22 101 302 669 1334
9755000 44.12440000 22 105 335 752 1136
9765000 43.47340000 22 104 323 716 995
9775000 43.41480000 22 102 337 747 1724
9785000 43.51220000 22 103 312 800 1115
9795000 43.87180000 22 102 333 791 1730
9805000 43.66800000 22 104 321 734 1964
9815000 43.55240000 22 106 317 746 1436
9825000 43.53940000 22 101 338 767 1481
9835000 43.77360000 22 106 329 785 1415
9845000 42.71380000 22 101 305 734 2237
9855000 43.70140000 22 104 326 746 1502
9865000 42.02220000 22 101 303 596 1649
9875000 44.30360000 22 104 353 695 1607
9885000 43.58320000 22 104 338 683 1739
9895000 43.76580000 22 105 341 680 1808
9905000 42.92120000 22 102 317 701 1124
9915000 42.34180000 22 101 314 668 1301
9925000 43.27320000 22 102 338 708 1058
9935000 43.24780000 22 103 314 749 1229
9945000 43.76980000 22 104 318 687 2675
9955000 43.35600000 22 102 338 704 1535
9965000 43.54700000 22 102 323 785 1712
9975000 43.80100000 22 103 332 779 1499
9985000 43.71660000 22 103 340 764 1796
9995000 45.17000000 22 106 359 771 1754
