n d
5000 11
10000 141
15000 61
20000 29
25000 3
30000 7
35000 59
40000 17
45000 79
50000 59
55000 3
60000 19
65000 29
70000 33
75000 31
80000 11
85000 23
90000 7
95000 89
100000 69
105000 43
110000 29
115000 93
120000 31
125000 17
130000 29
135000 37
140000 83
145000 3
150000 43
155000 29
160000 3
165000 19
170000 23
175000 53
180000 31
185000 113
190000 33
195000 7
200000 47
205000 33
210000 7
215000 23
220000 113
225000 37
230000 17
235000 3
240000 13
245000 11
250000 63
255000 67
260000 23
265000 47
270000 73
275000 83
280000 3
285000 7
290000 11
295000 3
300000 79
305000 11
310000 251
315000 7
320000 23
325000 39
330000 43
335000 11
340000 33
345000 7
350000 23
355000 41
360000 37
365000 17
370000 3
375000 43
380000 17
385000 51
390000 13
395000 11
400000 101
405000 7
410000 11
415000 3
420000 7
425000 11
430000 93
435000 31
440000 17
445000 71
450000 7
455000 59
460000 3
465000 43
470000 11
475000 51
480000 13
485000 17
490000 23
495000 7
500000 107
505000 3
510000 7
515000 17
520000 3
525000 7
530000 17
535000 11
540000 13
545000 29
550000 3
555000 7
560000 17
565000 21
570000 127
575000 47
580000 89
585000 13
590000 113
595000 3
600000 13
605000 23
610000 33
615000 19
620000 11
625000 41
630000 13
635000 17
640000 39
645000 31
650000 71
655000 3
660000 37
665000 29
670000 83
675000 31
680000 29
685000 21
690000 19
695000 17
700000 3
705000 31
710000 29
715000 89
720000 7
725000 41
730000 3
735000 7
740000 11
745000 267
750000 43
755000 101
760000 113
765000 7
770000 107
775000 3
780000 37
785000 11
790000 63
795000 37
800000 23
805000 173
810000 13
815000 659
820000 3
825000 7
830000 11
835000 3
840000 7
845000 41
850000 53
855000 19
860000 23
865000 3
870000 13
875000 17
880000 87
885000 181
890000 23
895000 23
900000 13
905000 71
910000 3
915000 37
920000 29
925000 3
930000 13
935000 29
940000 173
945000 7
950000 83
955000 39
960000 31
965000 23
970000 219
975000 7
980000 17
985000 71
990000 67
995000 41
1000000 3
1005000 67
1010000 53
1015000 69
1020000 7
1025000 149
1030000 41
1035000 7
1040000 71
1045000 21
1050000 7
1055000 11
1060000 33
1065000 37
1070000 11
1075000 83
1080000 157
1085000 11
1090000 27
1095000 43
1100000 47
1105000 3
1110000 151
1115000 11
1120000 161
1125000 13
1130000 149
1135000 27
1140000 7
1145000 83
1150000 51
1155000 7
1160000 11
1165000 113
1170000 31
1175000 233
1180000 33
1185000 7
1190000 29
1195000 27
1200000 13
1205000 17
1210000 299
1215000 13
1220000 47
1225000 21
1230000 7
1235000 11
1240000 237
1245000 7
1250000 11
1255000 17
1260000 13
1265000 59
1270000 3
1275000 31
1280000 11
1285000 87
1290000 37
1295000 11
1300000 41
1305000 79
1310000 89
1315000 39
1320000 13
1325000 11
1330000 3
1335000 67
1340000 107
1345000 11
1350000 37
1355000 29
1360000 21
1365000 7
1370000 47
1375000 57
1380000 31
1385000 11
1390000 71
1395000 7
1400000 401
1405000 51
1410000 43
1415000 11
1420000 51
1425000 31
1430000 29
1435000 149
1440000 7
1445000 179
1450000 27
1455000 7
1460000 17
1465000 63
1470000 31
1475000 23
1480000 137
1485000 13
1490000 11
1495000 3
1500000 7
1505000 47
1510000 3
1515000 37
1520000 23
1525000 53
1530000 67
1535000 41
1540000 3
1545000 19
1550000 11
1555000 33
1560000 7
1565000 11
1570000 221
1575000 7
1580000 17
1585000 39
1590000 13
1595000 23
1600000 123
1605000 13
1610000 11
1615000 47
1620000 43
1625000 227
1630000 3
1635000 31
1640000 17
1645000 3
1650000 31
1655000 23
1660000 17
1665000 31
1670000 59
1675000 21
1680000 7
1685000 59
1690000 87
1695000 157
1700000 29
1705000 149
1710000 7
1715000 251
1720000 3
1725000 79
1730000 23
1735000 3
1740000 19
1745000 11
1750000 11
1755000 7
1760000 29
1765000 3
1770000 7
1775000 59
1780000 21
1785000 13
1790000 11
1795000 17
1800000 13
1805000 59
1810000 27
1815000 43
1820000 11
1825000 33
1830000 37
1835000 23
1840000 149
1845000 19
1850000 71
1855000 21
1860000 31
1865000 23
1870000 69
1875000 7
1880000 11
1885000 47
1890000 31
1895000 11
1900000 39
1905000 31
1910000 47
1915000 3
1920000 7
1925000 23
1930000 53
1935000 151
1940000 149
1945000 3
1950000 13
1955000 41
1960000 51
1965000 13
1970000 71
1975000 23
1980000 13
1985000 107
1990000 3
1995000 7
2000000 23
2005000 99
2010000 67
2015000 41
2020000 11
2025000 7
2030000 101
2035000 3
2040000 211
2045000 23
2050000 3
2055000 103
2060000 11
2065000 143
2070000 7
2075000 23
2080000 3
2085000 7
2090000 17
2095000 69
2100000 73
2105000 11
2110000 41
2115000 31
2120000 71
2125000 3
2130000 7
2135000 29
2140000 3
2145000 67
2150000 11
2155000 29
2160000 61
2165000 47
2170000 3
2175000 19
2180000 23
2185000 3
2190000 7
2195000 23
2200000 89
2205000 7
2210000 41
2215000 27
2220000 43
2225000 17
2230000 51
2235000 61
2240000 11
2245000 41
2250000 103
2255000 17
2260000 3
2265000 43
2270000 11
2275000 21
2280000 43
2285000 11
2290000 29
2295000 7
2300000 29
2305000 21
2310000 19
2315000 17
2320000 39
2325000 37
2330000 29
2335000 17
2340000 7
2345000 23
2350000 21
2355000 73
2360000 83
2365000 123
2370000 37
2375000 11
2380000 59
2385000 43
2390000 53
2395000 3
2400000 31
2405000 53
2410000 189
2415000 7
2420000 17
2425000 47
2430000 31
2435000 227
2440000 3
2445000 19
2450000 11
2455000 327
2460000 37
2465000 71
2470000 71
2475000 61
2480000 77
2485000 21
2490000 7
2495000 113
2500000 33
2505000 7
2510000 17
2515000 131
2520000 67
2525000 89
2530000 261
2535000 13
2540000 11
2545000 3
2550000 7
2555000 11
2560000 83
2565000 37
2570000 11
2575000 3
2580000 13
2585000 83
2590000 3
2595000 103
2600000 11
2605000 179
2610000 19
2615000 41
2620000 3
2625000 13
2630000 23
2635000 141
2640000 103
2645000 11
2650000 149
2655000 13
2660000 71
2665000 27
2670000 43
2675000 17
2680000 51
2685000 13
2690000 23
2695000 101
2700000 7
2705000 29
2710000 27
2715000 7
2720000 11
2725000 21
2730000 13
2735000 23
2740000 107
2745000 13
2750000 41
2755000 27
2760000 7
2765000 11
2770000 51
2775000 43
2780000 17
2785000 23
2790000 31
2795000 53
2800000 21
2805000 61
2810000 11
2815000 33
2820000 7
2825000 17
2830000 281
2835000 43
2840000 83
2845000 93
2850000 109
2855000 17
2860000 3
2865000 127
2870000 11
2875000 251
2880000 31
2885000 23
2890000 3
2895000 19
2900000 101
2905000 51
2910000 7
2915000 47
2920000 203
2925000 7
2930000 53
2935000 3
2940000 13
2945000 77
2950000 27
2955000 13
2960000 23
2965000 11
2970000 13
2975000 83
2980000 27
2985000 163
2990000 41
2995000 3
3000000 31
3005000 41
3010000 17
3015000 37
3020000 149
3025000 3
3030000 7
3035000 17
3040000 141
3045000 13
3050000 11
3055000 59
3060000 73
3065000 179
3070000 39
3075000 7
3080000 17
3085000 3
3090000 37
3095000 83
3100000 47
3105000 19
3110000 119
3115000 3
3120000 13
3125000 53
3130000 3
3135000 13
3140000 11
3145000 251
3150000 13
3155000 41
3160000 57
3165000 139
3170000 17
3175000 33
3180000 7
3185000 41
3190000 23
3195000 127
3200000 53
3205000 21
3210000 37
3215000 11
3220000 27
3225000 31
3230000 11
3235000 173
3240000 7
3245000 173
3250000 3
3255000 7
3260000 11
3265000 39
3270000 61
3275000 23
3280000 71
3285000 7
3290000 41
3295000 3
3300000 37
3305000 11
3310000 33
3315000 13
3320000 17
3325000 23
3330000 13
3335000 53
3340000 69
3345000 13
3350000 29
3355000 57
3360000 7
3365000 11
3370000 11
3375000 43
3380000 101
3385000 3
3390000 7
3395000 11
3400000 3
3405000 13
3410000 89
3415000 197
3420000 43
3425000 167
3430000 3
3435000 31
3440000 53
3445000 69
3450000 7
3455000 23
3460000 149
3465000 7
3470000 143
3475000 3
3480000 19
3485000 29
3490000 33
3495000 7
3500000 59
3505000 11
3510000 37
3515000 191
3520000 27
3525000 31
3530000 11
3535000 21
3540000 7
3545000 11
3550000 89
3555000 13
3560000 23
3565000 3
3570000 7
3575000 17
3580000 627
3585000 61
3590000 11
3595000 113
3600000 13
3605000 107
3610000 3
3615000 43
3620000 23
3625000 27
3630000 61
3635000 47
3640000 119
3645000 37
3650000 137
3655000 33
3660000 67
3665000 23
3670000 3
3675000 19
3680000 41
3685000 71
3690000 79
3695000 77
3700000 3
3705000 7
3710000 23
3715000 33
3720000 109
3725000 11
3730000 41
3735000 13
3740000 269
3745000 27
3750000 19
3755000 59
3760000 27
3765000 19
3770000 23
3775000 83
3780000 67
3785000 29
3790000 39
3795000 13
3800000 11
3805000 93
3810000 61
3815000 53
3820000 17
3825000 73
3830000 59
3835000 3
3840000 37
3845000 53
3850000 51
3855000 13
3860000 11
3865000 59
3870000 7
3875000 17
3880000 21
3885000 7
3890000 11
3895000 87
3900000 31
3905000 29
3910000 29
3915000 103
3920000 11
3925000 3
3930000 163
3935000 11
3940000 57
3945000 13
3950000 17
3955000 71
3960000 7
3965000 23
3970000 3
3975000 7
3980000 29
3985000 33
3990000 31
3995000 23
4000000 23
4005000 61
4010000 17
4015000 27
4020000 13
4025000 11
4030000 27
4035000 37
4040000 11
4045000 11
4050000 37
4055000 119
4060000 3
4065000 19
4070000 23
4075000 3
4080000 73
4085000 11
4090000 53
4095000 13
4100000 131
4105000 51
4110000 13
4115000 23
4120000 159
4125000 7
4130000 11
4135000 113
4140000 67
4145000 251
4150000 3
4155000 19
4160000 29
4165000 3
4170000 7
4175000 71
4180000 83
4185000 13
4190000 29
4195000 27
4200000 37
4205000 17
4210000 3
4215000 31
4220000 11
4225000 197
4230000 7
4235000 41
4240000 3
4245000 37
4250000 71
4255000 51
4260000 61
4265000 17
4270000 23
4275000 7
4280000 197
4285000 3
4290000 7
4295000 11
4300000 3
4305000 13
4310000 23
4315000 101
4320000 13
4325000 281
4330000 3
4335000 43
4340000 17
4345000 21
4350000 19
4355000 11
4360000 89
4365000 97
4370000 77
4375000 39
4380000 13
4385000 11
4390000 123
4395000 67
4400000 23
4405000 23
4410000 7
4415000 71
4420000 27
4425000 73
4430000 59
4435000 27
4440000 31
4445000 17
4450000 11
4455000 79
4460000 29
4465000 3
4470000 67
4475000 29
4480000 21
4485000 13
4490000 53
4495000 143
4500000 7
4505000 41
4510000 21
4515000 7
4520000 11
4525000 51
4530000 13
4535000 11
4540000 2129
4545000 7
4550000 71
4555000 3
4560000 67
4565000 23
4570000 3
4575000 31
4580000 23
4585000 83
4590000 19
4595000 137
4600000 3
4605000 7
4610000 23
4615000 3
4620000 43
4625000 23
4630000 17
4635000 31
4640000 59
4645000 27
4650000 7
4655000 29
4660000 87
4665000 43
4670000 41
4675000 59
4680000 19
4685000 89
4690000 3
4695000 13
4700000 11
4705000 3
4710000 7
4715000 53
4720000 29
4725000 19
4730000 101
4735000 33
4740000 31
4745000 11
4750000 3
4755000 37
4760000 47
4765000 53
4770000 67
4775000 41
4780000 3
4785000 79
4790000 29
4795000 87
4800000 37
4805000 23
4810000 59
4815000 7
4820000 17
4825000 3
4830000 13
4835000 17
4840000 117
4845000 19
4850000 17
4855000 137
4860000 7
4865000 11
4870000 3
4875000 13
4880000 47
4885000 21
4890000 43
4895000 17
4900000 53
4905000 7
4910000 23
4915000 3
4920000 13
4925000 11
4930000 141
4935000 7
4940000 23
4945000 293
4950000 37
4955000 17
4960000 27
4965000 7
4970000 17
4975000 99
4980000 43
4985000 53
4990000 29
4995000 31
5000000 47
5005000 21
5010000 7
5015000 29
5020000 39
5025000 13
5030000 11
5035000 89
5040000 7
5045000 257
5050000 249
5055000 67
5060000 17
5065000 51
5070000 61
5075000 17
5080000 59
5085000 31
5090000 17
5095000 3
5100000 13
5105000 17
5110000 159
5115000 13
5120000 11
5125000 29
5130000 7
5135000 191
5140000 3
5145000 7
5150000 17
5155000 219
5160000 13
5165000 41
5170000 71
5175000 19
5180000 23
5185000 33
5190000 43
5195000 11
5200000 69
5205000 103
5210000 11
5215000 77
5220000 13
5225000 107
5230000 39
5235000 31
5240000 29
5245000 27
5250000 19
5255000 47
5260000 191
5265000 13
5270000 263
5275000 27
5280000 13
5285000 11
5290000 39
5295000 73
5300000 23
5305000 17
5310000 13
5315000 23
5320000 27
5325000 61
5330000 107
5335000 69
5340000 7
5345000 11
5350000 23
5355000 31
5360000 89
5365000 141
5370000 103
5375000 23
5380000 3
5385000 7
5390000 41
5395000 119
5400000 193
5405000 101
5410000 3
5415000 13
5420000 11
5425000 3
5430000 7
5435000 23
5440000 71
5445000 7
5450000 41
5455000 21
5460000 31
5465000 17
5470000 33
5475000 13
5480000 17
5485000 599
5490000 7
5495000 251
5500000 27
5505000 37
5510000 11
5515000 69
5520000 103
5525000 11
5530000 47
5535000 19
5540000 11
5545000 27
5550000 7
5555000 53
5560000 129
5565000 7
5570000 11
5575000 53
5580000 13
5585000 131
5590000 111
5595000 133
5600000 17
5605000 69
5610000 13
5615000 11
5620000 131
5625000 31
5630000 53
5635000 3
5640000 37
5645000 23
5650000 27
5655000 7
5660000 17
5665000 83
5670000 7
5675000 11
5680000 3
5685000 37
5690000 11
5695000 3
5700000 7
5705000 29
5710000 53
5715000 37
5720000 59
5725000 3
5730000 19
5735000 23
5740000 51
5745000 13
5750000 29
5755000 149
5760000 109
5765000 107
5770000 21
5775000 37
5780000 11
5785000 39
5790000 73
5795000 17
5800000 1163
5805000 7
5810000 29
5815000 3
5820000 19
5825000 17
5830000 21
5835000 31
5840000 17
5845000 251
5850000 13
5855000 527
5860000 57
5865000 7
5870000 11
5875000 177
5880000 7
5885000 17
5890000 41
5895000 37
5900000 53
5905000 3
5910000 37
5915000 11
5920000 3
5925000 79
5930000 29
5935000 11
5940000 13
5945000 11
5950000 3
5955000 61
5960000 29
5965000 3
5970000 13
5975000 29
5980000 53
5985000 7
5990000 131
5995000 51
6000000 97
6005000 11
6010000 33
6015000 19
6020000 53
6025000 509
6030000 67
6035000 179
6040000 21
6045000 13
6050000 17
6055000 27
6060000 19
6065000 11
6070000 119
6075000 31
6080000 11
6085000 27
6090000 7
6095000 17
6100000 39
6105000 19
6110000 29
6115000 107
6120000 7
6125000 23
6130000 27
6135000 67
6140000 17
6145000 33
6150000 19
6155000 29
6160000 41
6165000 7
6170000 53
6175000 3
6180000 7
6185000 11
6190000 21
6195000 37
6200000 11
6205000 11
6210000 151
6215000 29
6220000 3
6225000 43
6230000 11
6235000 93
6240000 61
6245000 53
6250000 17
6255000 13
6260000 59
6265000 3
6270000 13
6275000 11
6280000 213
6285000 7
6290000 47
6295000 41
6300000 7
6305000 17
6310000 51
6315000 19
6320000 23
6325000 117
6330000 13
6335000 11
6340000 101
6345000 127
6350000 11
6355000 3
6360000 181
6365000 11
6370000 39
6375000 7
6380000 23
6385000 161
6390000 31
6395000 149
6400000 27
6405000 61
6410000 23
6415000 51
6420000 43
6425000 71
6430000 113
6435000 7
6440000 287
6445000 3
6450000 43
6455000 41
6460000 27
6465000 13
6470000 23
6475000 29
6480000 13
6485000 281
6490000 3
6495000 31
6500000 11
6505000 3
6510000 7
6515000 41
6520000 17
6525000 13
6530000 23
6535000 3
6540000 43
6545000 29
6550000 33
6555000 43
6560000 11
6565000 41
6570000 43
6575000 53
6580000 3
6585000 7
6590000 47
6595000 3
6600000 7
6605000 17
6610000 83
6615000 7
6620000 29
6625000 27
6630000 13
6635000 29
6640000 3
6645000 7
6650000 17
6655000 17
6660000 139
6665000 23
6670000 27
6675000 13
6680000 11
6685000 33
6690000 73
6695000 23
6700000 59
6705000 73
6710000 197
6715000 3
6720000 19
6725000 53
6730000 51
6735000 43
6740000 11
6745000 137
6750000 7
6755000 29
6760000 3
6765000 127
6770000 23
6775000 21
6780000 31
6785000 47
6790000 53
6795000 43
6800000 113
6805000 27
6810000 7
6815000 17
6820000 51
6825000 163
6830000 11
6835000 239
6840000 13
6845000 17
6850000 3
6855000 13
6860000 41
6865000 27
6870000 43
6875000 23
6880000 101
6885000 19
6890000 11
6895000 3
6900000 7
6905000 23
6910000 39
6915000 7
6920000 29
6925000 17
6930000 103
6935000 41
6940000 93
6945000 13
6950000 47
6955000 69
6960000 7
6965000 29
6970000 131
6975000 43
6980000 53
6985000 3
6990000 61
6995000 11
7000000 3
7005000 37
7010000 23
7015000 173
7020000 7
7025000 29
7030000 3
7035000 7
7040000 23
7045000 291
7050000 13
7055000 11
7060000 71
7065000 37
7070000 41
7075000 3
7080000 43
7085000 29
7090000 87
7095000 31
7100000 17
7105000 59
7110000 7
7115000 71
7120000 3
7125000 19
7130000 137
7135000 21
7140000 13
7145000 17
7150000 29
7155000 73
7160000 119
7165000 3
7170000 7
7175000 11
7180000 3
7185000 37
7190000 29
7195000 107
7200000 19
7205000 203
7210000 27
7215000 7
7220000 53
7225000 69
7230000 13
7235000 11
7240000 131
7245000 7
7250000 17
7255000 93
7260000 13
7265000 29
7270000 99
7275000 43
7280000 29
7285000 11
7290000 19
7295000 47
7300000 21
7305000 13
7310000 41
7315000 93
7320000 31
7325000 11
7330000 161
7335000 7
7340000 23
7345000 21
7350000 7
7355000 11
7360000 51
7365000 13
7370000 41
7375000 23
7380000 7
7385000 161
7390000 3
7395000 103
7400000 17
7405000 3
7410000 79
7415000 23
7420000 101
7425000 13
7430000 11
7435000 3
7440000 31
7445000 17
7450000 3
7455000 7
7460000 23
7465000 17
7470000 19
7475000 41
7480000 27
7485000 7
7490000 11
7495000 33
7500000 67
7505000 17
7510000 59
7515000 31
7520000 143
7525000 3
7530000 19
7535000 53
7540000 33
7545000 7
7550000 11
7555000 47
7560000 13
7565000 47
7570000 51
7575000 19
7580000 83
7585000 291
7590000 7
7595000 23
7600000 251
7605000 163
7610000 131
7615000 3
7620000 13
7625000 17
7630000 33
7635000 103
7640000 29
7645000 41
7650000 7
7655000 17
7660000 3
7665000 61
7670000 11
7675000 33
7680000 97
7685000 11
7690000 11
7695000 7
7700000 47
7705000 3
7710000 43
7715000 11
7720000 57
7725000 13
7730000 11
7735000 53
7740000 43
7745000 239
7750000 3
7755000 73
7760000 47
7765000 33
7770000 7
7775000 17
7780000 41
7785000 31
7790000 53
7795000 51
7800000 13
7805000 47
7810000 3
7815000 13
7820000 29
7825000 29
7830000 67
7835000 83
7840000 3
7845000 13
7850000 11
7855000 57
7860000 7
7865000 17
7870000 71
7875000 19
7880000 113
7885000 3
7890000 13
7895000 11
7900000 123
7905000 31
7910000 17
7915000 41
7920000 37
7925000 179
7930000 21
7935000 61
7940000 23
7945000 33
7950000 7
7955000 29
7960000 83
7965000 7
7970000 83
7975000 21
7980000 7
7985000 29
7990000 93
7995000 13
8000000 47
8005000 53
8010000 13
8015000 77
8020000 3
8025000 31
8030000 71
8035000 51
8040000 67
8045000 11
8050000 113
8055000 67
8060000 233
8065000 27
8070000 7
8075000 23
8080000 27
8085000 7
8090000 11
8095000 101
8100000 67
8105000 29
8110000 3
8115000 7
8120000 59
8125000 3
8130000 37
8135000 23
8140000 17
8145000 13
8150000 23
8155000 3
8160000 31
8165000 53
8170000 69
8175000 31
8180000 11
8185000 23
8190000 7
8195000 107
8200000 57
8205000 37
8210000 11
8215000 3
8220000 97
8225000 41
8230000 47
8235000 37
8240000 47
8245000 21
8250000 127
8255000 23
8260000 3
8265000 103
8270000 113
8275000 71
8280000 7
8285000 113
8290000 21
8295000 19
8300000 41
8305000 177
8310000 19
8315000 11
8320000 239
8325000 7
8330000 53
8335000 27
8340000 79
8345000 11
8350000 3
8355000 31
8360000 23
8365000 47
8370000 7
8375000 11
8380000 3
8385000 13
8390000 47
8395000 3
8400000 7
8405000 17
8410000 251
8415000 13
8420000 23
8425000 3
8430000 13
8435000 71
8440000 87
8445000 163
8450000 23
8455000 23
8460000 37
8465000 53
8470000 3
8475000 13
8480000 11
8485000 27
8490000 31
8495000 41
8500000 11
8505000 7
8510000 11
8515000 51
8520000 103
8525000 17
8530000 57
8535000 7
8540000 23
8545000 17
8550000 37
8555000 23
8560000 3
8565000 67
8570000 29
8575000 51
8580000 7
8585000 11
8590000 203
8595000 7
8600000 17
8605000 27
8610000 7
8615000 53
8620000 3
8625000 13
8630000 23
8635000 29
8640000 31
8645000 11
8650000 27
8655000 79
8660000 11
8665000 3
8670000 13
8675000 11
8680000 53
8685000 109
8690000 149
8695000 27
8700000 7
8705000 11
8710000 69
8715000 7
8720000 23
8725000 41
8730000 13
8735000 161
8740000 3
8745000 7
8750000 23
8755000 33
8760000 31
8765000 41
8770000 101
8775000 43
8780000 47
8785000 27
8790000 13
8795000 23
8800000 39
8805000 7
8810000 29
8815000 89
8820000 7
8825000 23
8830000 27
8835000 19
8840000 11
8845000 159
8850000 43
8855000 17
8860000 59
8865000 103
8870000 341
8875000 27
8880000 31
8885000 17
8890000 27
8895000 19
8900000 53
8905000 29
8910000 7
8915000 11
8920000 3
8925000 7
8930000 17
8935000 39
8940000 79
8945000 29
8950000 17
8955000 19
8960000 59
8965000 3
8970000 73
8975000 17
8980000 33
8985000 13
8990000 41
8995000 23
9000000 13
9005000 53
9010000 3
9015000 13
9020000 29
9025000 27
9030000 37
9035000 11
9040000 29
9045000 31
9050000 119
9055000 57
9060000 37
9065000 47
9070000 3
9075000 67
9080000 11
9085000 197
9090000 31
9095000 23
9100000 27
9105000 7
9110000 53
9115000 33
9120000 19
9125000 47
9130000 41
9135000 97
9140000 17
9145000 57
9150000 19
9155000 11
9160000 33
9165000 7
9170000 11
9175000 29
9180000 43
9185000 83
9190000 27
9195000 37
9200000 11
9205000 3
9210000 43
9215000 83
9220000 89
9225000 7
9230000 23
9235000 21
9240000 19
9245000 11
9250000 141
9255000 13
9260000 47
9265000 347
9270000 97
9275000 89
9280000 3
9285000 13
9290000 17
9295000 63
9300000 67
9305000 41
9310000 101
9315000 7
9320000 11
9325000 3
9330000 7
9335000 107
9340000 3
9345000 7
9350000 53
9355000 107
9360000 97
9365000 77
9370000 3
9375000 13
9380000 11
9385000 87
9390000 163
9395000 17
9400000 149
9405000 13
9410000 161
9415000 3
9420000 7
9425000 23
9430000 111
9435000 7
9440000 17
9445000 11
9450000 7
9455000 29
9460000 141
9465000 19
9470000 11
9475000 3
9480000 7
9485000 11
9490000 197
9495000 127
9500000 59
9505000 27
9510000 13
9515000 23
9520000 33
9525000 7
9530000 23
9535000 41
9540000 19
9545000 17
9550000 3
9555000 31
9560000 17
9565000 51
9570000 13
9575000 11
9580000 29
9585000 13
9590000 29
9595000 3
9600000 37
9605000 41
9610000 21
9615000 37
9620000 17
9625000 197
9630000 73
9635000 23
9640000 3
9645000 13
9650000 11
9655000 33
9660000 67
9665000 11
9670000 59
9675000 43
9680000 107
9685000 3
9690000 7
9695000 11
9700000 27
9705000 163
9710000 11
9715000 227
9720000 19
9725000 101
9730000 3
9735000 31
9740000 149
9745000 3
9750000 13
9755000 23
9760000 17
9765000 13
9770000 59
9775000 57
9780000 13
9785000 23
9790000 51
9795000 13
9800000 17
9805000 23
9810000 43
9815000 17
9820000 3
9825000 19
9830000 23
9835000 21
9840000 7
9845000 53
9850000 83
9855000 19
9860000 11
9865000 27
9870000 19
9875000 101
9880000 39
9885000 139
9890000 29
9895000 737
9900000 13
9905000 77
9910000 27
9915000 61
9920000 17
9925000 33
9930000 103
9935000 17
9940000 113
9945000 13
9950000 359
9955000 3
9960000 7
9965000 11
9970000 33
9975000 7
9980000 47
9985000 317
9990000 13
9995000 11
10000000 27
